4473577	None	0
1068638	0|7|2|6|0|15|1	808
 796920	0|6|1|4|5|9|9	661
 737307	1|6|9|5|5|6|1	1943
 724214	0|4|3|7|4|6|9	112
 588616	0|4|2|8|4|6|8	83
 588610	1|6|8|6|5|6|0	1937
 568177	0|4|2|7|5|7|8	79
 562625	0|6|1|6|3|7|9	669
 536386	0|6|1|5|4|8|9	666
 457010	0|5|1|5|6|9|8	427
 444220	0|4|2|6|6|8|8	72
 409451	0|4|3|5|6|8|9	101
 397521	0|5|1|6|5|8|8	434
 380646	0|4|3|6|5|7|9	108
 343044	0|4|6|7|1|7|8	250
 317741	0|5|1|7|4|7|8	439
 316427	0|7|1|4|3|8|10	794
 249638	0|5|2|6|4|7|9	463
 237877	0|6|1|7|2|6|9	671
 232713	0|7|4|4|0|9|9	836
 217603	0|5|1|4|5|12|8	417
 216631	0|4|6|7|1|15|0	258
 202188	0|5|2|4|6|9|9	451
 174994	0|7|1|5|2|7|10	798
 167757	0|5|2|5|5|8|9	458
 159906	0|4|1|8|5|7|7	45
 135970	0|4|3|8|3|5|9	114
 134810	0|5|8|4|0|7|11	643
 133873	0|6|6|4|0|8|10	770
 133435	1|6|10|4|5|6|2	1946
 131129	0|4|1|7|6|8|7	38
 128575	0|5|4|6|2|15|1	506
 119034	0|8|2|4|0|10|8	878
 119034	0|7|3|5|0|9|8	824
 115964	0|6|5|5|0|8|9	759
 112560	0|4|5|6|3|15|1	169
 108245	0|5|4|7|1|14|1	507
 103993	0|5|1|8|3|6|8	441
 101794	1|4|8|6|0|15|0	1351
 101280	0|4|5|7|2|14|1	171
  99663	0|4|10|4|0|7|11	401
  98872	0|5|7|5|0|7|10	632
  97070	0|6|4|6|0|8|8	737
  95884	1|4|4|5|5|15|1	1026
  93995	0|4|6|4|4|15|3	203
  93888	0|4|10|4|0|9|9	403
  93852	0|6|1|7|0|8|9	670
  89456	0|5|5|7|0|7|8	567
  85054	0|4|2|7|0|12|8	74
  84176	0|6|3|7|0|15|0	701
  83683	0|5|1|6|0|13|8	429
  83366	0|5|2|7|3|6|9	465
  79900	1|5|1|5|6|7|9	1396
  78404	0|4|4|4|6|5|13	127
  77313	0|4|6|4|4|9|9	197
  75910	0|4|6|7|1|6|9	249
  74308	0|6|3|6|1|15|1	699
  73386	0|4|6|4|4|10|8	198
  70259	1|4|10|4|0|14|3	1373
  70025	0|4|10|4|0|15|3	409
  69485	0|4|8|5|1|6|11	356
  68519	1|5|1|6|5|6|9	1402
  66980	0|4|6|4|4|5|13	193
  66971	0|5|6|6|0|7|9	610
  66626	0|4|6|5|3|6|11	216
  66406	0|4|9|4|1|7|11	379
  62044	0|6|6|4|0|9|9	771
  60508	0|6|3|7|0|14|1	700
  60312	1|4|4|6|4|15|0	1032
  60144	0|4|9|5|0|6|11	389
  59588	0|4|7|4|3|9|9	283
  58509	0|5|8|4|0|5|13	641
  58017	0|8|1|4|1|7|11	871
  57124	0|5|1|6|3|10|8	433
  57049	0|4|6|4|4|7|11	195
  56566	0|4|7|4|3|5|13	279
  56555	1|4|9|5|0|14|2	1367
  56027	1|5|1|7|4|5|9	1406
  55708	1|4|10|4|0|11|6	1372
  54298	0|4|8|4|2|15|3	354
  52739	0|4|8|4|2|7|11	346
  50217	0|4|10|4|0|5|13	399
  49345	0|4|2|4|6|12|8	54
  48111	0|4|7|4|3|7|11	281
  48011	1|4|2|6|6|6|9	956
  47944	0|5|1|5|4|11|8	425
  47642	0|7|3|4|1|10|8	814
  47625	0|4|8|4|2|5|13	344
  47560	0|6|6|4|0|7|11	769
  46886	0|5|5|4|3|10|8	526
  46856	0|4|8|5|1|15|2	365
  46685	0|6|6|4|0|15|3	777
  46070	0|8|2|4|0|5|13	873
  45733	0|4|9|4|1|6|12	378
  45625	1|4|7|7|0|14|0	1312
  45420	0|4|2|6|4|10|8	71
  45249	0|7|4|4|0|5|13	832
  44455	0|4|9|4|1|15|3	387
  43975	0|4|7|5|2|6|11	302
  41810	0|8|2|4|0|7|11	875
  39644	0|4|6|4|4|12|6	200
  38989	0|4|6|5|3|9|8	219
  38665	1|4|4|6|4|14|1	1031
  38526	0|4|10|4|0|8|10	402
  38401	0|8|2|4|0|12|6	880
  37980	0|4|9|5|0|15|2	398
  37412	0|4|8|6|0|15|1	376
  37169	0|4|8|4|2|8|10	347
  36805	0|4|1|5|6|12|7	20
  36670	0|4|9|4|1|5|13	377
  36662	1|4|9|5|0|11|5	1366
  36491	0|6|1|5|2|10|9	665
  36425	0|4|7|4|3|6|12	280
  36307	0|4|10|4|0|6|12	400
  36281	0|4|9|5|0|12|5	395
  36128	1|4|9|4|1|8|9	1355
  35903	0|5|8|4|0|15|3	651
  35882	1|4|9|4|1|6|11	1353
  35868	0|4|6|5|3|12|5	222
  35700	1|4|1|4|4|14|8	890
  35391	0|7|4|4|0|8|10	835
  34990	0|8|2|4|0|15|3	883
  34896	0|5|7|5|0|15|2	640
  34838	0|4|5|4|5|5|13	157
  34814	0|4|9|4|1|10|8	382
  34710	1|4|1|7|6|6|8	921
  34577	0|5|2|8|0|7|9	466
  33936	0|4|7|7|0|15|0	333
  33920	1|4|1|8|5|5|8	927
  33882	0|4|5|7|2|15|0	172
  33620	0|4|6|5|3|8|9	218
  33584	0|4|10|4|0|14|4	408
  33520	0|4|3|4|5|11|9	92
  32976	0|5|7|5|0|8|9	633
  32942	0|4|10|4|0|10|8	404
  30620	0|4|8|4|2|6|12	345
  30220	0|4|9|5|0|9|8	392
  30136	1|4|5|4|5|9|8	1073
  29549	1|5|8|4|0|6|11	1692
  29489	1|4|10|4|0|6|11	1370
  29280	0|4|7|4|3|15|3	289
  29269	1|4|9|4|1|14|3	1361
  29263	0|6|1|4|3|11|9	659
  29138	0|4|9|5|0|14|3	397
  28960	1|4|10|4|0|7|10	1371
  28805	0|6|6|4|0|6|12	768
  28720	0|4|8|6|0|7|9	368
  28614	0|4|6|5|3|14|3	224
  28545	0|4|7|4|3|8|10	282
  28540	1|5|8|4|0|15|2	1701
  28378	1|4|2|7|5|5|9	962
  28335	0|4|7|5|2|15|2	311
  28330	1|4|5|6|3|15|0	1133
  28200	1|4|8|6|0|14|1	1350
  28040	0|8|2|4|0|9|9	877
  27909	0|4|6|6|2|8|8	240
  27894	0|4|6|4|4|8|10	196
  27490	0|4|10|4|0|12|6	406
  27472	0|7|1|4|3|5|13	793
  27436	1|4|5|4|5|14|3	1078
  27194	0|5|5|4|3|15|3	531
  26935	0|4|9|4|1|14|4	386
  26904	0|8|2|4|0|13|5	881
  26283	0|4|9|5|0|7|10	390
  26145	0|4|8|4|2|10|8	349
  26142	1|4|5|4|5|8|9	1072
  26138	0|5|5|7|0|15|0	575
  26087	1|4|7|4|3|15|2	1274
  26042	0|7|3|5|0|6|11	821
  25920	0|5|8|4|0|10|8	646
  25637	0|5|1|8|1|8|8	440
  25310	0|6|5|5|0|15|2	766
  25151	0|6|6|4|0|5|13	767
  24913	0|4|8|5|1|7|10	357
  24773	0|5|4|7|1|15|0	508
  24634	0|7|4|4|0|7|11	834
  24306	0|5|7|5|0|5|12	630
  24016	0|7|3|5|0|12|5	827
  24009	1|4|9|5|0|5|11	1363
  23893	0|4|9|5|0|8|9	391
  23635	0|7|3|4|1|5|13	809
  23632	1|5|6|6|0|15|0	1665
  23618	1|6|1|4|5|7|10	1726
  23414	0|5|8|4|0|6|12	642
  23333	1|4|9|5|0|15|1	1368
  23191	0|7|1|6|1|6|10	799
  23180	0|5|7|4|1|15|3	629
  23092	0|6|4|4|2|5|13	712
  22872	1|4|6|4|4|8|9	1187
  22818	0|4|8|4|2|9|9	348
  22672	1|4|10|4|0|15|2	1374
  22592	0|7|3|4|1|7|11	811
  22183	0|4|6|5|3|7|10	217
  21918	0|4|3|5|4|10|9	100
  21806	1|6|2|6|2|15|0	1749
  21726	0|5|7|5|0|6|11	631
  21677	0|4|8|6|0|6|10	367
  21562	0|4|9|4|1|9|9	381
  21459	0|4|7|5|2|8|9	304
  21381	0|5|8|4|0|8|10	644
  21348	0|7|3|5|0|8|9	823
  21112	0|5|1|5|0|15|8	419
  20940	1|4|6|4|4|15|2	1194
  20762	1|4|7|6|1|6|9	1298
  20734	1|4|7|4|3|14|3	1273
  20632	0|4|8|4|2|14|4	353
  20589	1|4|1|5|1|15|8	895
  20499	0|4|9|4|1|13|5	385
  20464	1|4|8|5|1|11|5	1341
  20390	0|4|8|5|1|14|3	364
  20381	0|4|7|4|3|14|4	288
  20347	0|6|4|4|2|10|8	717
  19914	0|4|8|5|1|8|9	358
  19783	0|5|6|6|0|10|6	613
  19779	0|6|4|5|1|9|8	727
  19547	0|4|6|6|2|5|11	237
  19417	0|4|8|5|1|5|12	355
  19337	1|4|8|5|1|5|11	1335
  19319	1|4|6|5|3|15|1	1216
  19265	0|6|4|4|2|9|9	716
  19236	0|5|8|4|0|9|9	645
  19176	0|5|6|4|2|5|13	586
  19099	0|4|3|6|0|12|9	103
  18998	1|5|7|5|0|14|2	1687
  18914	0|4|7|7|0|6|9	324
  18820	0|5|5|4|3|5|13	521
  18742	1|5|9|6|6|6|0	1711
  18579	1|4|8|4|2|9|8	1328
  18514	0|5|1|4|2|15|8	413
  18406	0|4|1|7|4|10|7	37
  18385	0|5|3|4|5|5|13	477
  18353	0|5|5|4|3|7|11	523
  18295	1|6|4|5|1|7|9	1845
  18222	0|4|8|6|0|14|2	375
  18197	0|4|7|5|2|14|3	310
  18174	0|4|7|4|3|10|8	284
  18173	0|8|2|4|0|14|4	882
  18133	0|6|5|4|1|9|9	749
  18110	1|4|8|5|1|14|2	1344
  18071	0|7|3|4|1|9|9	813
  17901	0|6|1|6|1|9|9	668
  17622	0|5|4|8|0|14|0	510
  17474	0|7|3|4|1|14|4	818
  17389	0|4|9|4|1|8|10	380
  17322	0|4|7|5|2|5|12	301
  17130	1|4|6|7|1|14|0	1248
  16986	0|5|5|4|3|9|9	525
  16977	1|4|9|4|1|13|4	1360
  16925	0|7|4|4|0|10|8	837
  16831	0|4|9|5|0|5|12	388
  16713	1|6|6|4|0|6|11	1897
  16577	0|4|7|6|1|15|1	322
  16530	1|4|8|4|2|6|11	1325
  16473	0|5|1|7|2|9|8	438
  16351	0|5|7|4|1|7|11	621
  16304	0|5|8|4|0|13|5	649
  16243	1|5|10|5|6|6|1	1716
  16171	0|4|10|4|0|13|5	407
  16146	0|5|2|8|2|5|9	467
  15990	1|4|7|4|3|6|11	1265
  15953	1|5|3|5|4|15|1	1453
  15920	1|4|5|5|4|11|5	1107
  15758	0|4|6|4|4|13|5	201
  15652	1|4|5|4|5|6|11	1070
  15467	0|4|8|4|2|13|5	352
  15401	0|5|2|5|0|13|9	453
  15393	0|5|5|5|2|12|5	550
  15204	0|4|7|6|1|5|11	312
  15156	1|6|6|4|0|5|12	1896
  15044	0|6|4|6|0|5|11	734
  14944	0|4|8|6|0|5|11	366
  14924	0|6|1|8|1|5|9	672
  14715	0|5|2|7|1|8|9	464
  14706	0|4|6|8|0|6|8	260
  14705	0|5|2|4|4|11|9	449
  14662	1|4|6|7|1|5|9	1239
  14639	0|5|6|4|2|15|3	596
  14599	0|4|7|5|2|7|10	303
  14508	0|7|1|4|1|10|10	792
  14497	1|5|1|4|2|13|9	1383
  14322	0|4|7|6|1|7|9	314
  14214	0|4|7|5|2|12|5	308
  14138	1|4|9|4|1|5|12	1352
  14040	1|5|1|4|0|15|9	1379
  14038	0|5|6|4|2|9|9	590
  14002	0|6|5|5|0|7|10	758
  13811	0|5|5|4|3|12|6	528
  13736	1|4|5|4|5|11|6	1075
  13724	0|4|7|4|3|13|5	287
  13722	0|4|8|5|1|9|8	359
  13688	1|6|1|5|4|6|10	1732
  13634	0|4|6|4|4|14|4	202
  13612	1|4|7|4|3|7|10	1266
  13581	0|4|2|5|5|11|8	63
  13528	1|4|9|4|1|7|10	1354
  13492	1|5|8|4|0|14|3	1700
  13430	0|4|8|5|1|12|5	362
  13422	0|4|6|7|1|10|5	253
  13344	0|7|3|4|1|15|3	819
  13286	0|4|2|4|3|15|8	50
  13283	0|5|6|4|2|7|11	588
  13164	0|8|1|4|1|5|13	870
  13128	1|4|8|5|1|13|3	1343
  13090	1|4|6|6|2|15|0	1238
  13059	0|4|3|6|3|9|9	107
  13043	0|5|6|6|0|15|1	618
  13007	0|5|5|5|2|6|11	544
  12967	0|7|3|5|0|10|7	825
  12951	1|4|4|7|3|13|1	1035
  12873	1|4|7|4|3|5|12	1264
  12760	0|4|7|4|3|12|6	286
  12749	1|4|10|4|0|5|12	1369
  12722	0|6|1|4|0|14|9	655
  12635	0|5|5|7|0|10|5	570
  12572	0|6|4|4|2|15|3	722
  12488	0|4|7|6|1|14|2	321
  12396	1|4|8|4|2|5|12	1324
  12383	0|4|5|8|1|13|1	173
  12275	0|4|6|8|0|9|5	263
  12235	0|6|4|6|0|7|9	736
  12232	0|4|5|8|1|14|0	174
  12208	0|5|7|4|1|8|10	622
  12202	1|5|6|5|1|14|2	1653
  12178	1|4|5|5|4|7|9	1103
  12156	0|7|3|4|1|8|10	812
  12100	0|5|7|5|0|14|3	639
  12069	0|8|2|4|0|11|7	879
  12044	0|5|7|4|1|10|8	624
  12036	1|4|8|4|2|14|3	1333
  12025	1|4|5|5|4|5|11	1101
  11973	0|6|2|4|4|5|13	679
  11971	0|4|1|6|1|15|7	23
  11940	1|5|3|6|3|15|0	1456
  11907	1|5|7|4|1|9|8	1671
  11888	1|4|5|4|5|7|10	1071
  11846	0|5|7|4|1|5|13	619
  11823	1|5|6|4|0|5|14	1622
  11692	1|4|7|4|3|13|4	1272
  11532	0|5|2|4|0|15|9	443
  11416	0|6|5|5|0|6|11	757
  11361	0|4|6|5|3|10|7	220
  11318	0|5|8|4|0|14|4	650
  11273	0|6|4|4|2|7|11	714
  11155	1|4|10|6|5|8|0	1376
  11036	0|4|8|4|2|12|6	351
  11030	0|4|6|6|2|7|9	239
  10965	0|5|5|5|2|14|3	552
  10939	0|4|6|8|0|14|0	268
  10811	0|5|6|5|1|15|2	607
  10807	1|6|2|5|3|15|1	1746
  10739	0|4|7|6|1|6|10	313
  10625	0|4|7|6|1|10|6	317
  10618	1|4|9|4|1|11|6	1358
  10592	1|5|7|5|0|15|1	1688
  10496	1|4|7|5|2|14|2	1295
  10493	0|6|6|4|0|13|5	775
  10491	0|5|1|5|1|14|8	421
  10441	1|5|3|6|3|14|1	1455
  10421	0|4|7|7|0|10|5	328
  10365	1|4|6|5|3|14|2	1215
  10339	1|4|1|4|3|15|8	888
  10199	0|5|7|5|0|12|5	637
  10034	0|5|6|4|2|10|8	591
  10018	0|4|8|6|0|11|5	372
  10007	0|5|6|6|0|14|2	617
   9990	1|4|5|5|4|13|3	1109
   9958	0|4|3|4|1|15|9	86
   9945	1|5|5|6|1|6|9	1602
   9920	1|5|8|4|0|8|9	1694
   9863	1|4|7|5|2|15|1	1296
   9840	0|5|5|5|2|9|8	547
   9785	0|7|1|7|0|5|10	800
   9644	0|4|6|6|2|10|6	242
   9612	0|4|7|5|2|10|7	306
   9546	1|4|7|6|1|14|1	1306
   9506	0|6|1|4|5|5|13	660
   9445	0|4|6|4|4|11|7	199
   9423	0|5|2|5|3|10|9	457
   9409	0|6|5|4|1|7|11	747
   9408	1|4|7|5|2|5|11	1286
   9396	0|5|5|5|2|8|9	546
   9373	0|6|4|6|0|9|7	738
   9251	1|4|5|7|2|9|5	1149
   9235	0|4|9|4|1|12|6	384
   9154	1|4|9|4|1|9|8	1356
   9098	0|4|8|5|1|10|7	360
   9066	1|4|8|4|2|13|4	1332
   9040	1|4|6|6|2|9|6	1232
   9037	0|7|4|4|0|15|3	842
   9013	0|5|1|4|3|14|8	415
   8990	1|7|1|6|1|14|1	1955
   8986	1|4|7|6|1|5|10	1297
   8982	0|4|8|6|0|8|8	369
   8940	0|6|6|4|0|12|6	774
   8903	0|6|4|5|1|6|11	724
   8902	0|7|3|5|0|7|10	822
   8873	0|5|7|4|1|13|5	627
   8861	0|6|5|4|1|6|12	746
   8777	1|4|5|8|1|8|5	1158
   8718	1|8|1|5|0|14|2	2056
   8500	0|6|6|4|0|14|4	776
   8498	1|5|7|4|1|14|3	1676
   8498	0|4|1|6|5|11|7	29
   8489	1|5|4|4|4|6|11	1484
   8435	0|6|5|5|0|9|8	760
   8412	0|5|6|4|2|12|6	593
   8397	1|4|6|4|4|13|4	1192
   8363	0|4|6|5|3|13|4	223
   8345	0|5|5|6|1|8|8	557
   8342	1|4|5|8|1|5|8	1155
   8325	0|5|6|5|1|8|9	600
   8216	1|4|5|5|4|8|8	1104
   8177	0|7|4|4|0|14|4	841
   8152	0|4|3|4|2|14|9	88
   8141	0|6|5|4|1|5|13	745
   8118	1|4|8|4|2|15|2	1334
   8089	1|4|6|4|4|14|3	1193
   8056	0|5|6|4|0|7|13	577
   8054	0|5|4|8|0|13|1	509
   8032	1|6|1|6|3|5|10	1734
   8007	1|4|6|4|4|5|12	1184
   7946	0|5|7|4|1|14|4	628
   7936	1|5|4|5|1|5|13	1494
   7916	1|5|7|5|0|5|11	1678
   7908	1|4|6|4|4|12|5	1191
   7826	1|5|4|4|4|9|8	1487
   7820	1|4|6|5|3|5|11	1206
   7790	1|5|8|4|0|7|10	1693
   7748	1|5|5|7|0|5|9	1612
   7686	1|6|5|4|1|7|10	1870
   7658	0|6|5|4|1|15|3	755
   7603	1|4|7|4|3|9|8	1268
   7594	0|4|6|5|3|11|6	221
   7546	0|5|5|6|1|12|4	561
   7531	0|6|5|5|0|5|12	756
   7518	0|4|6|6|2|6|10	238
   7504	0|4|9|5|0|10|7	393
   7477	0|5|5|7|0|6|9	566
   7381	1|4|4|7|3|14|0	1036
   7378	0|4|6|6|2|11|5	243
   7374	0|5|5|6|1|7|9	556
   7327	1|4|1|6|0|14|8	905
   7172	1|6|5|4|1|6|11	1869
   7115	0|7|3|5|0|13|4	828
   7097	1|5|6|4|2|15|2	1643
   7063	1|4|6|4|4|7|10	1186
   7056	0|4|10|4|0|11|7	405
   7025	0|5|10|6|5|7|0	653
   6951	0|7|1|5|0|9|10	797
   6926	0|5|4|4|4|5|13	497
   6907	1|4|7|5|2|6|10	1287
   6903	0|8|2|4|0|8|10	876
   6866	0|4|3|5|0|14|9	94
   6859	1|6|5|5|0|5|11	1879
   6856	1|6|4|4|0|5|14	1821
   6850	0|5|8|4|0|12|6	648
   6844	1|6|1|5|2|5|13	1730
   6829	0|4|9|5|0|11|6	394
   6827	0|4|8|6|0|10|6	371
   6802	0|7|4|4|0|6|12	833
   6769	1|4|9|5|0|7|9	1365
   6766	1|6|5|4|1|8|9	1871
   6748	0|5|6|4|2|6|12	587
   6736	1|4|6|5|3|7|9	1208
   6692	1|4|7|5|2|13|3	1294
   6649	0|5|7|5|0|10|7	635
   6516	1|4|8|4|2|8|9	1327
   6495	1|5|6|4|2|14|3	1642
   6486	0|5|1|5|6|5|12	426
   6453	1|4|8|4|0|5|14	1313
   6443	0|4|6|4|2|12|8	189
   6422	1|4|8|5|1|7|9	1337
   6419	0|5|5|4|3|8|10	524
   6413	0|5|7|5|0|9|8	634
   6353	0|6|4|4|2|8|10	715
   6333	1|7|2|4|0|5|14	1959
   6327	1|5|7|4|1|6|11	1668
   6268	0|5|6|6|0|5|11	608
   6251	1|5|7|5|0|13|3	1686
   6232	0|5|1|5|2|13|8	423
   6219	1|4|6|5|3|13|3	1214
   6208	1|4|4|8|2|12|1	1039
   6204	0|6|4|4|2|12|6	719
   6196	1|4|7|6|1|13|2	1305
   6163	0|5|1|6|1|12|8	431
   6118	1|6|3|4|3|14|3	1774
   6030	0|6|6|4|0|10|8	772
   6026	1|6|5|5|0|7|9	1881
   6023	0|4|7|6|1|8|8	315
   6005	1|6|2|6|2|14|1	1748
   5995	1|5|6|4|2|9|8	1637
   5984	1|4|8|6|0|11|4	1349
   5964	0|5|5|4|3|13|5	529
   5941	0|6|4|5|1|8|9	726
   5937	1|4|8|5|1|6|10	1336
   5929	0|6|4|5|1|12|5	730
   5927	0|5|2|4|1|14|9	445
   5919	1|4|6|5|1|5|13	1195
   5897	1|4|7|5|2|8|8	1289
   5889	1|4|7|4|3|12|5	1271
   5883	1|4|8|5|1|8|8	1338
   5878	0|5|5|6|1|5|11	554
   5876	1|4|6|4|4|9|8	1188
   5856	0|4|6|8|0|12|2	266
   5847	1|4|6|4|4|6|11	1185
   5846	0|7|3|4|1|11|7	815
   5833	1|4|3|5|4|5|13	989
   5813	1|5|4|7|1|14|0	1547
   5813	0|7|4|4|0|13|5	840
   5805	1|4|9|5|0|6|10	1364
   5792	1|5|1|4|1|14|9	1381
   5784	1|4|2|5|0|14|9	940
   5767	0|4|1|7|0|14|7	31
   5740	0|5|6|5|1|14|3	606
   5724	0|5|7|4|1|6|12	620
   5720	1|4|7|7|0|11|3	1311
   5619	0|4|1|5|3|15|7	16
   5592	0|5|6|4|2|8|10	589
   5570	0|4|1|8|3|9|7	44
   5544	0|5|6|5|1|6|11	598
   5543	1|4|7|5|2|11|5	1292
   5540	1|4|7|6|1|10|5	1302
   5539	1|4|6|5|3|11|5	1212
   5531	0|4|8|4|2|11|7	350
   5523	1|4|10|6|6|7|0	1377
   5510	1|4|7|4|3|11|6	1270
   5507	1|5|5|4|3|15|2	1578
   5466	0|5|5|4|3|14|4	530
   5464	0|6|4|4|2|14|4	721
   5425	0|4|8|6|0|12|4	373
   5403	0|5|6|6|0|11|5	614
   5390	1|6|3|4|3|9|8	1769
   5383	1|4|5|8|1|11|2	1161
   5359	1|6|6|4|0|15|2	1906
   5349	0|6|4|6|0|11|5	740
   5348	1|4|5|5|4|9|7	1105
   5348	0|5|5|5|2|10|7	548
   5344	1|6|3|4|3|6|11	1766
   5341	0|4|2|6|0|14|8	65
   5339	0|4|7|5|2|13|4	309
   5337	0|7|3|5|0|14|3	829
   5314	0|4|3|4|3|13|9	90
   5311	0|5|6|4|2|13|5	594
   5279	1|6|6|4|0|14|3	1905
   5259	0|7|4|4|0|12|6	839
   5241	1|7|1|5|2|15|1	1954
   5233	0|5|7|4|1|9|9	623
   5221	0|4|6|6|2|13|3	245
   5189	1|4|6|5|3|9|7	1210
   5179	0|4|8|6|0|9|7	370
   5142	1|4|5|4|5|12|5	1076
   5136	0|5|1|7|0|11|8	436
   5129	1|4|7|4|1|5|14	1253
   5118	0|6|5|5|0|12|5	763
   5064	0|5|6|4|2|14|4	595
   5011	0|6|4|4|0|11|9	707
   4966	0|6|1|4|1|13|9	657
   4953	1|5|5|5|2|14|2	1599
   4943	1|4|4|8|2|13|0	1040
   4937	1|5|8|4|0|5|12	1691
   4918	0|4|2|6|2|12|8	69
   4908	1|6|5|5|0|15|1	1889
   4899	1|5|4|5|3|11|5	1511
   4892	1|4|7|5|2|9|7	1290
   4888	1|4|5|4|5|13|4	1077
   4871	0|4|1|5|4|14|7	18
   4837	1|5|6|4|2|6|11	1634
   4826	0|4|6|6|2|12|4	244
   4818	1|5|3|7|2|14|0	1460
   4798	0|4|8|4|0|12|8	340
   4781	0|4|2|8|2|8|8	82
   4771	1|5|7|5|0|8|8	1681
   4770	0|5|2|6|2|9|9	462
   4744	1|6|3|5|0|5|13	1776
   4723	1|5|7|5|0|7|9	1680
   4702	1|5|6|6|0|6|9	1656
   4694	0|6|4|5|1|14|3	732
   4684	0|6|3|4|3|5|13	692
   4672	1|4|2|5|1|13|9	942
   4658	0|5|6|5|1|7|10	599
   4643	1|5|8|4|0|12|5	1698
   4634	0|4|7|5|0|6|13	291
   4607	1|4|1|5|2|14|8	897
   4601	1|5|7|4|1|8|9	1670
   4588	1|5|5|6|1|14|1	1610
   4544	1|4|6|6|2|6|9	1229
   4542	0|4|7|7|0|5|10	323
   4541	0|5|6|6|0|6|10	609
   4539	1|5|4|5|3|13|3	1513
   4515	1|6|4|6|0|6|9	1855
   4514	1|4|5|8|1|13|0	1163
   4498	1|4|5|5|4|10|6	1106
   4488	1|4|7|5|0|5|13	1275
   4486	0|4|1|7|2|12|7	35
   4462	0|4|7|7|0|14|1	332
   4449	1|4|2|4|1|15|9	930
   4444	1|5|4|5|3|5|11	1505
   4423	1|5|5|5|2|7|9	1592
   4408	0|5|7|4|1|11|7	625
   4406	0|4|7|5|2|9|8	305
   4394	0|6|4|6|0|12|4	741
   4384	1|4|5|5|4|6|10	1102
   4357	1|5|6|4|2|12|5	1640
   4347	1|5|4|6|2|15|0	1537
   4333	0|4|1|4|1|15|11	2
   4323	1|4|2|4|2|14|9	932
   4255	0|5|5|6|1|11|5	560
   4246	0|4|2|4|4|14|8	52
   4208	0|7|2|4|2|5|13	804
   4203	0|5|7|4|1|12|6	626
   4202	1|5|7|5|0|11|5	1684
   4166	0|4|8|6|0|13|3	374
   4120	1|7|1|4|3|6|11	1950
   4116	1|5|5|4|3|6|11	1569
   4116	0|4|8|5|1|13|4	363
   4111	1|5|6|5|1|13|3	1652
   4106	1|4|6|6|2|14|1	1237
   4102	0|5|6|5|1|5|12	597
   4040	0|6|10|5|4|7|1	789
   4022	1|4|5|6|3|7|8	1125
   3994	0|4|7|5|2|11|6	307
   3966	0|5|6|5|1|12|5	604
   3955	0|5|5|5|0|10|9	537
   3945	1|5|4|4|4|14|3	1492
   3917	1|6|4|6|0|15|0	1864
   3914	1|4|8|4|2|12|5	1331
   3905	0|4|6|4|2|11|9	188
   3900	0|6|6|4|0|11|7	773
   3887	1|5|5|4|3|14|3	1577
   3879	1|4|6|4|2|5|14	1173
   3868	0|5|8|4|0|11|7	647
   3867	1|4|5|5|4|12|4	1108
   3855	0|5|5|7|0|12|3	572
   3848	1|6|3|4|3|8|9	1768
   3843	0|4|9|5|0|13|4	396
   3832	1|7|4|4|0|6|11	2026
   3832	1|5|8|4|0|11|6	1697
   3823	1|6|4|4|2|15|2	1842
   3783	1|4|6|6|2|13|2	1236
   3777	1|5|6|6|0|5|10	1655
   3724	0|4|7|7|0|13|2	331
   3721	1|4|7|4|3|8|9	1267
   3707	1|5|5|7|0|14|0	1621
   3697	0|4|2|5|1|15|8	57
   3690	1|6|3|4|3|11|6	1771
   3676	1|7|1|4|1|5|14	1947
   3676	1|6|3|6|1|7|8	1800
   3666	1|6|4|4|2|8|9	1835
   3665	1|4|6|8|0|11|2	1252
   3645	0|4|1|6|0|12|11	21
   3619	0|5|7|5|0|13|4	638
   3608	1|6|5|4|1|14|3	1877
   3606	1|4|5|6|3|6|9	1124
   3602	1|5|4|4|4|7|10	1485
   3597	1|7|4|4|0|15|2	2035
   3597	0|5|5|5|2|7|10	545
   3554	0|6|4|4|0|12|8	708
   3549	0|4|8|4|0|7|13	335
   3548	1|5|8|4|0|13|4	1699
   3528	0|4|3|7|2|8|9	111
   3500	0|5|2|5|1|12|9	455
   3498	1|4|7|7|0|5|9	1308
   3468	0|4|7|4|1|7|13	270
   3432	0|6|5|4|1|13|5	753
   3427	1|5|5|4|3|8|9	1571
   3416	1|4|5|4|5|10|7	1074
   3415	0|6|5|5|0|14|3	765
   3408	1|5|7|5|0|6|10	1679
   3392	0|7|3|4|1|12|6	816
   3378	0|5|3|4|3|7|13	475
   3365	0|6|5|5|0|13|4	764
   3323	1|4|6|5|3|6|10	1207
   3323	0|4|1|6|2|14|7	25
   3322	0|4|6|4|2|9|11	186
   3295	1|6|6|4|0|9|8	1900
   3280	0|4|7|6|1|12|4	319
   3272	1|7|1|5|0|5|13	1951
   3265	1|7|2|6|0|15|0	2002
   3261	1|5|1|5|1|12|9	1391
   3222	1|5|6|5|1|5|11	1644
   3189	0|5|1|4|5|8|12	416
   3181	1|4|5|6|3|10|5	1128
   3166	1|6|3|5|2|8|8	1790
   3150	0|5|5|4|1|12|8	517
   3144	1|4|8|5|1|10|6	1340
   3142	0|5|7|5|0|11|6	636
   3141	1|6|6|4|0|8|9	1899
   3141	1|5|3|7|2|13|1	1459
   3107	1|5|5|6|1|13|2	1609
   3092	1|5|6|5|1|6|10	1645
   3091	1|7|4|4|0|14|3	2034
   3089	1|5|7|4|1|5|12	1667
   3083	0|6|9|6|4|7|0	787
   3076	1|5|5|4|3|9|8	1572
   3057	1|4|8|6|0|6|9	1347
   3055	0|4|2|5|2|14|8	59
   3053	0|5|6|6|0|9|7	612
   3052	1|5|5|5|2|9|7	1594
   3047	0|6|5|5|0|10|7	761
   3047	0|6|4|6|0|10|6	739
   3016	1|4|7|6|1|11|4	1303
   3003	1|6|2|4|2|5|14	1739
   2987	0|7|3|5|0|11|6	826
   2977	1|6|2|7|1|13|1	1750
   2974	1|4|8|6|0|7|8	1348
   2957	0|6|5|5|0|11|6	762
   2943	1|5|2|5|3|5|13	1427
   2933	1|6|4|4|2|6|11	1833
   2933	0|5|5|4|1|11|9	516
   2929	1|5|8|4|0|9|8	1695
   2925	1|4|5|6|3|12|3	1130
   2925	1|4|5|5|2|5|13	1090
   2922	1|5|4|4|4|11|6	1489
   2914	1|5|6|6|0|14|1	1664
   2903	1|5|5|4|3|5|12	1568
   2889	0|6|5|4|1|10|8	750
   2877	0|6|4|4|2|13|5	720
   2861	1|4|6|7|1|9|5	1243
   2851	1|5|7|5|0|12|4	1685
   2835	0|6|5|4|1|14|4	754
   2834	1|5|5|5|2|13|3	1598
   2832	0|4|6|6|0|7|11	228
   2825	1|4|2|4|3|13|9	934
   2816	0|4|6|7|1|12|3	255
   2807	0|4|3|5|2|12|9	98
   2805	1|5|6|4|2|8|9	1636
   2805	1|4|8|5|1|9|7	1339
   2804	0|4|1|4|4|11|12	7
   2790	1|4|1|5|3|13|8	899
   2782	1|4|1|8|0|10|8	923
   2759	0|5|5|5|0|11|8	538
   2757	1|6|6|4|0|7|10	1898
   2749	1|5|3|8|1|12|1	1461
   2744	1|7|4|4|0|8|9	2028
   2736	0|4|3|5|1|13|9	96
   2735	1|5|9|6|4|8|0	1709
   2728	1|5|5|5|0|5|13	1579
   2721	1|4|8|6|0|5|10	1346
   2711	0|6|4|5|1|7|10	725
   2706	1|5|5|5|2|5|11	1590
   2706	0|4|7|7|0|9|6	327
   2702	1|5|5|4|3|11|6	1574
   2697	0|4|1|7|1|13|7	33
   2689	0|5|6|4|0|11|9	581
   2676	1|5|4|8|0|8|5	1551
   2676	0|4|6|7|1|5|10	248
   2673	1|6|5|5|0|6|10	1880
   2663	1|7|1|7|0|13|1	1957
   2663	0|4|1|5|6|8|11	19
   2656	0|4|6|8|0|5|9	259
   2617	0|6|5|4|1|8|10	748
   2609	0|4|6|8|0|11|3	265
   2607	1|6|6|4|0|13|4	1904
   2607	1|5|4|7|1|5|9	1538
   2574	0|4|4|4|4|7|13	125
   2571	0|5|6|4|0|9|11	579
   2565	0|6|5|4|1|12|6	752
   2552	1|5|6|4|2|7|10	1635
   2514	1|5|1|6|0|11|9	1398
   2513	1|5|5|6|1|5|10	1601
   2510	1|6|3|5|2|5|11	1787
   2503	1|5|6|6|0|7|8	1657
   2500	0|5|6|6|0|12|4	615
   2494	1|5|6|5|1|15|1	1654
   2484	0|5|5|6|1|6|10	555
   2463	0|6|1|5|0|12|9	663
   2456	1|7|1|7|0|14|0	1958
   2450	1|6|5|4|1|15|2	1878
   2448	0|4|8|5|1|11|6	361
   2430	1|6|4|5|1|6|10	1844
   2430	1|4|1|6|2|12|8	909
   2429	1|5|10|5|4|8|1	1714
   2405	1|4|5|6|3|5|10	1123
   2400	0|4|6|6|0|10|8	231
   2397	0|4|1|4|5|11|11	10
   2382	1|7|3|5|0|15|1	2024
   2374	1|4|5|7|2|5|9	1145
   2372	1|5|2|4|0|10|13	1409
   2365	1|4|5|6|3|9|6	1127
   2359	0|4|9|4|1|11|7	383
   2348	0|4|1|8|0|12|7	40
   2301	1|5|6|4|2|13|4	1641
   2297	1|4|7|6|1|7|8	1299
   2290	1|5|5|5|2|6|10	1591
   2284	1|4|5|4|0|9|13	1042
   2279	1|6|4|6|0|14|1	1863
   2274	1|7|2|4|2|14|3	1979
   2262	1|5|4|5|3|6|10	1506
   2259	1|4|8|4|2|10|7	1329
   2249	1|5|6|4|2|5|12	1633
   2221	1|5|6|5|1|8|8	1647
   2210	0|4|6|8|0|10|4	264
   2209	0|5|5|5|2|13|4	551
   2202	1|6|5|5|0|14|2	1888
   2195	0|7|4|4|0|11|7	838
   2187	1|4|9|4|1|10|7	1357
   2180	1|7|3|5|0|7|9	2016
   2176	1|4|5|7|2|6|8	1146
   2168	1|6|9|5|3|8|1	1941
   2168	0|5|6|5|1|13|4	605
   2167	1|4|5|7|2|14|0	1154
   2163	1|5|5|4|3|7|10	1570
   2156	1|6|6|4|0|12|5	1903
   2144	1|4|7|5|2|7|9	1288
   2144	0|5|5|4|3|11|7	527
   2117	0|4|7|7|0|7|8	325
   2115	1|5|10|5|5|7|1	1715
   2100	0|5|6|5|1|9|8	601
   2100	0|4|7|5|0|8|11	293
   2099	1|5|5|6|1|9|6	1605
   2099	0|4|7|7|0|8|7	326
   2096	0|5|5|6|1|10|6	559
   2089	0|5|6|6|0|8|8	611
   2089	0|5|5|5|2|11|6	549
   2077	1|5|1|5|0|13|9	1389
   2075	1|5|4|4|4|8|9	1486
   2072	0|5|5|7|0|8|7	568
   2069	0|5|5|4|1|9|11	514
   2060	1|4|2|5|2|12|9	944
   2051	1|5|4|6|2|7|8	1529
   2043	1|5|6|6|0|12|3	1662
   2039	0|4|7|7|0|12|3	330
   2037	0|5|2|4|2|13|9	447
   2026	0|6|4|6|0|13|3	742
   2022	1|4|7|7|0|7|7	1310
   2018	1|8|2|4|0|8|9	2061
   2018	1|5|6|5|1|11|5	1650
   2016	1|7|4|4|0|7|10	2027
   2007	1|6|4|5|1|15|1	1853
   2006	0|5|6|4|2|11|7	592
   2000	0|6|4|5|1|11|6	729
   1998	1|5|7|4|1|15|2	1677
   1994	1|6|3|7|0|9|5	1813
   1976	0|4|7|4|3|11|7	285
   1974	1|7|3|5|0|12|4	2021
   1973	0|6|4|4|0|7|13	703
   1971	0|4|1|4|3|13|11	6
   1969	0|5|5|5|0|14|5	541
   1951	1|5|5|6|1|15|0	1611
   1950	0|4|6|4|2|10|10	187
   1946	0|4|1|4|3|12|12	5
   1935	1|6|5|4|1|9|8	1872
   1932	1|6|3|7|0|14|0	1818
   1919	0|4|3|6|1|11|9	105
   1917	0|4|7|4|1|11|9	274
   1912	1|6|4|5|1|5|11	1843
   1906	1|4|8|4|2|7|10	1326
   1906	0|5|6|4|0|6|14	576
   1904	1|5|8|4|0|10|7	1696
   1894	1|4|6|6|2|5|10	1228
   1885	1|5|9|6|5|7|0	1710
   1878	1|6|5|5|0|13|3	1887
   1878	0|4|2|5|3|13|8	61
   1849	0|4|7|6|1|11|5	318
   1838	0|5|6|6|0|13|3	616
   1831	1|4|1|4|4|10|12	889
   1811	1|8|1|4|1|9|8	2040
   1797	0|4|1|5|0|14|11	12
   1788	0|4|1|4|1|14|12	1
   1785	1|6|1|4|3|5|14	1723
   1778	1|7|2|6|0|10|5	1997
   1768	0|5|3|4|0|10|13	469
   1762	1|6|6|4|0|11|6	1902
   1755	0|4|4|5|3|6|13	136
   1750	1|4|7|5|2|10|6	1291
   1738	0|4|7|6|1|13|3	320
   1729	1|6|4|4|2|5|12	1832
   1718	1|6|5|5|0|10|6	1884
   1714	1|6|4|4|2|13|4	1840
   1710	0|4|1|4|2|14|11	4
   1695	1|5|5|4|3|13|4	1576
   1692	0|4|1|8|1|11|7	42
   1684	0|5|6|5|1|10|7	602
   1682	0|6|4|4|0|9|11	705
   1680	0|6|4|4|0|14|6	710
   1676	0|4|6|8|0|8|6	262
   1673	0|5|5|4|1|7|13	512
   1673	0|5|1|4|1|12|12	411
   1673	0|4|1|5|2|12|11	14
   1663	0|4|7|5|0|10|9	295
   1663	0|4|1|4|2|13|12	3
   1657	0|4|8|4|0|13|7	341
   1656	0|5|5|5|0|8|11	535
   1652	0|4|6|5|1|14|5	213
   1645	1|4|5|4|3|5|14	1058
   1633	0|6|4|5|1|10|7	728
   1613	1|6|5|4|1|5|12	1868
   1613	0|6|4|6|0|6|10	735
   1605	1|4|6|8|0|5|8	1249
   1604	1|4|1|7|1|11|8	917
   1603	1|7|3|5|0|13|3	2022
   1599	0|4|6|6|2|9|7	241
   1597	1|5|3|4|3|5|14	1443
   1592	0|4|7|5|0|7|12	292
   1591	1|4|6|4|4|11|6	1190
   1587	1|7|3|5|0|14|2	2023
   1587	1|6|9|5|4|7|1	1942
   1582	1|4|7|6|1|9|6	1301
   1582	0|4|8|4|0|9|11	337
   1572	1|4|8|4|2|11|6	1330
   1565	1|6|3|4|3|13|4	1773
   1565	1|5|5|6|1|10|5	1606
   1562	0|7|3|4|1|13|5	817
   1562	0|4|7|4|1|9|11	272
   1552	1|5|4|8|0|11|2	1554
   1543	0|4|8|4|0|11|9	339
   1532	1|4|6|5|3|8|8	1209
   1532	0|4|8|4|0|8|12	336
   1528	1|8|2|4|0|11|6	2064
   1527	1|5|4|8|0|9|4	1552
   1527	0|5|6|4|0|14|6	584
   1525	1|5|4|5|3|8|8	1508
   1510	0|4|7|5|0|5|14	290
   1495	0|5|2|4|6|5|13	450
   1493	0|4|7|4|1|8|12	271
   1484	0|5|5|5|0|12|7	539
   1473	1|6|4|4|2|14|3	1841
   1451	0|4|6|4|2|7|13	184
   1450	1|6|10|4|3|8|2	1944
   1445	1|8|1|4|1|14|3	2045
   1444	0|4|1|6|3|13|7	27
   1432	1|4|3|5|0|9|13	981
   1431	1|4|6|6|2|10|5	1233
   1426	1|4|6|5|3|10|6	1211
   1424	1|8|1|5|0|15|1	2057
   1424	1|7|1|6|1|15|0	1956
   1423	1|5|5|7|0|9|5	1616
   1418	0|4|6|8|0|7|7	261
   1410	1|7|2|6|0|11|4	1998
   1400	1|8|2|4|0|15|2	2068
   1399	0|4|3|8|1|7|9	113
   1377	1|6|4|4|2|7|10	1834
   1374	1|5|3|5|2|5|13	1450
   1374	0|4|6|4|2|14|6	191
   1372	1|5|6|5|1|7|9	1646
   1370	0|4|7|7|0|11|4	329
   1366	1|5|3|8|1|13|0	1462
   1357	0|4|4|5|0|9|13	130
   1351	0|5|5|7|0|11|4	571
   1349	1|4|5|4|0|14|8	1047
   1347	0|6|4|5|1|13|4	731
   1339	0|4|2|6|1|13|8	67
   1336	1|6|2|7|1|14|0	1751
   1334	0|6|4|4|2|11|7	718
   1331	1|8|1|4|1|15|2	2046
   1324	0|4|6|4|0|13|9	180
   1322	1|6|3|6|1|15|0	1808
   1321	1|4|1|4|3|11|12	887
   1319	0|5|6|4|0|8|12	578
   1318	1|5|4|6|2|6|9	1528
   1312	0|6|4|4|0|15|5	711
   1311	1|6|4|5|1|8|8	1846
   1302	1|5|4|7|1|6|8	1539
   1295	1|4|4|4|4|5|14	1013
   1283	0|4|6|5|1|6|13	205
   1281	0|4|7|4|1|6|14	269
   1276	1|6|10|4|4|7|2	1945
   1270	1|5|4|4|4|13|4	1491
   1262	0|4|3|7|0|10|9	110
   1260	1|5|5|5|2|8|8	1593
   1245	1|6|5|4|1|13|4	1876
   1242	1|5|6|6|0|13|2	1663
   1240	0|6|4|4|0|10|10	706
   1240	0|4|2|7|3|9|8	78
   1236	1|6|3|4|3|7|10	1767
   1235	0|4|6|6|0|13|5	234
   1226	1|4|5|7|0|5|11	1134
   1215	1|7|3|5|0|5|11	2014
   1211	0|7|9|5|3|7|1	868
   1207	1|4|6|7|1|11|3	1245
   1203	1|4|2|6|0|12|9	950
   1200	1|7|3|4|1|6|11	2004
   1198	1|5|5|5|2|11|5	1596
   1185	1|4|4|5|3|5|13	1023
   1183	0|6|5|4|1|11|7	751
   1183	0|4|4|5|1|8|13	133
   1178	1|6|3|6|1|5|10	1798
   1168	1|7|3|4|1|8|9	2006
   1157	1|5|4|5|3|10|6	1510
   1157	1|4|1|6|1|13|8	907
   1143	1|6|5|5|0|11|5	1885
   1133	1|4|5|6|3|11|4	1129
   1129	1|6|3|4|3|12|5	1772
   1129	1|5|4|5|3|9|7	1509
   1123	0|5|5|7|0|5|10	565
   1122	1|6|8|6|3|8|0	1935
   1114	1|7|4|4|0|12|5	2032
   1110	1|4|7|6|1|8|7	1300
   1109	1|5|4|8|0|13|0	1556
   1101	1|5|4|5|3|7|9	1507
   1096	1|5|6|6|0|8|7	1658
   1095	1|8|2|4|0|6|11	2059
   1083	1|6|2|8|0|13|0	1753
   1073	0|7|8|6|3|7|0	866
   1065	1|5|5|4|1|5|14	1557
   1059	1|4|1|4|1|13|12	885
   1052	1|8|1|5|0|5|11	2047
   1047	1|6|4|6|0|5|10	1854
   1046	1|8|2|4|0|14|3	2067
   1046	1|5|6|5|1|9|7	1648
   1046	0|4|1|6|5|7|11	28
   1044	1|5|4|4|4|12|5	1490
   1043	1|6|3|6|1|10|5	1803
   1034	1|4|6|7|1|13|1	1247
   1021	1|6|1|4|0|12|10	1719
   1020	0|4|6|5|1|8|11	207
   1012	0|7|1|4|1|7|13	791
   1008	1|5|7|5|0|9|7	1682
   1007	1|4|5|8|1|6|7	1156
   1002	1|6|4|6|0|13|2	1862
   1001	1|8|2|4|0|12|5	2065
   1000	1|6|4|4|2|9|8	1836
    997	1|6|3|4|1|5|14	1754
    993	1|6|3|5|2|13|3	1795
    983	1|6|3|7|0|6|8	1810
    980	1|8|1|5|0|8|8	2050
    979	1|4|6|5|3|12|4	1213
    972	1|4|5|8|1|12|1	1162
    972	0|4|6|8|0|13|1	267
    970	0|5|5|6|1|13|3	562
    969	0|5|2|6|0|11|9	460
    965	1|5|5|5|2|15|1	1600
    963	1|7|2|4|2|12|5	1977
    963	1|6|3|6|1|9|6	1802
    962	1|5|6|6|0|11|4	1661
    962	1|5|4|7|1|9|5	1542
    959	1|4|2|7|0|10|9	958
    951	1|7|2|5|1|5|11	1981
    951	1|4|4|4|1|9|13	1008
    948	0|4|6|4|2|13|7	190
    932	0|4|2|8|0|10|8	81
    930	1|4|2|4|0|12|13	928
    926	0|7|10|4|3|7|2	869
    926	0|4|1|4|4|12|11	8
    914	1|4|6|6|0|5|12	1217
    911	1|6|3|7|0|11|3	1815
    911	0|5|6|5|1|11|6	603
    899	1|7|2|4|2|6|11	1971
    879	1|6|4|4|2|12|5	1839
    876	1|6|3|7|0|5|9	1809
    875	1|4|5|4|0|11|11	1044
    868	1|5|6|4|2|11|6	1639
    865	1|5|4|6|2|12|3	1534
    865	0|4|8|4|0|10|10	338
    865	0|4|6|5|1|12|7	211
    865	0|4|6|4|2|15|5	192
    864	0|5|6|4|0|15|5	585
    860	1|4|6|8|0|7|6	1251
    859	1|5|6|6|0|10|5	1660
    856	1|7|1|5|2|5|11	1953
    849	0|4|7|5|0|13|6	298
    840	1|6|5|7|6|6|0	1895
    831	0|6|2|4|2|7|13	677
    828	1|8|2|4|0|13|4	2066
    822	1|7|2|4|2|9|8	1974
    816	1|5|7|4|1|12|5	1674
    815	1|8|2|4|0|7|10	2060
    814	0|6|4|4|0|13|7	709
    814	0|5|5|7|0|9|6	569
    810	1|7|4|4|0|9|8	2029
    810	1|6|5|5|0|8|8	1882
    808	0|5|6|4|0|12|8	582
    806	0|5|5|4|1|6|14	511
    803	1|8|1|5|0|6|10	2048
    801	0|6|4|4|0|6|14	702
    796	1|6|2|5|1|5|13	1743
    794	0|4|7|6|1|9|7	316
    790	1|8|1|4|1|7|10	2038
    785	0|4|7|4|1|10|10	273
    777	1|6|4|5|1|10|6	1848
    768	1|7|2|6|0|5|10	1992
    764	1|6|3|5|2|11|5	1793
    764	0|5|5|5|0|13|6	540
    760	1|6|3|5|2|7|9	1789
    756	0|5|5|6|1|9|7	558
    747	1|5|4|4|2|5|14	1472
    729	1|6|4|6|0|9|6	1858
    726	1|6|8|6|4|7|0	1936
    725	1|8|1|4|1|6|11	2037
    723	1|6|3|6|1|11|4	1804
    723	1|4|2|6|1|11|9	952
    720	1|6|6|4|0|10|7	1901
    719	1|4|5|4|0|13|9	1046
    716	0|7|7|4|6|9|0	859
    707	1|4|7|4|3|10|7	1269
    700	1|5|7|4|1|13|4	1675
    695	0|4|7|5|0|12|7	297
    691	1|5|5|4|3|12|5	1575
    683	0|5|5|4|1|13|7	518
    677	1|5|7|6|6|8|0	1690
    672	1|5|4|7|1|8|6	1541
    672	0|4|2|4|0|14|12	46
    671	0|6|1|4|3|7|13	658
    668	1|8|2|4|0|9|8	2062
    665	1|6|3|6|1|8|7	1801
    662	1|4|6|6|2|11|4	1234
    660	1|5|6|6|0|9|6	1659
    654	1|5|5|7|0|8|6	1615
    649	1|4|7|7|0|6|8	1309
    649	1|4|6|7|1|8|6	1242
    640	1|7|2|4|2|8|9	1973
    635	0|4|1|7|4|6|11	36
    633	1|4|1|5|3|9|12	898
    633	0|4|1|4|5|10|12	9
    630	0|6|3|4|1|7|13	690
    627	1|7|3|5|0|8|8	2017
    626	0|5|5|5|0|9|10	536
    626	0|5|5|5|0|6|13	533
    622	1|4|5|8|1|10|3	1160
    619	1|5|4|5|3|12|4	1512
    618	1|6|5|4|1|12|5	1875
    618	1|6|4|5|1|9|7	1847
    615	1|5|4|6|2|9|6	1531
    609	1|6|4|4|2|11|6	1838
    608	0|4|6|5|1|11|8	210
    607	0|6|2|4|2|6|14	676
    603	0|4|7|4|1|15|5	278
    599	1|7|3|5|0|6|10	2015
    588	0|4|6|4|0|14|8	181
    586	0|4|5|4|3|7|13	155
    577	1|4|6|4|4|10|7	1189
    577	0|5|6|4|0|10|10	580
    574	1|6|3|5|2|9|7	1791
    570	1|5|4|6|2|10|5	1532
    563	0|4|8|4|0|6|14	334
    559	1|7|4|4|0|5|12	2025
    555	1|6|4|6|0|7|8	1856
    554	0|5|1|4|2|11|12	412
    553	0|5|1|6|0|9|12	428
    552	1|5|4|6|2|5|10	1527
    543	0|4|4|4|0|11|13	116
    538	1|7|3|4|1|9|8	2007
    533	1|5|3|4|0|9|13	1438
    529	0|6|9|4|6|7|2	784
    526	0|5|1|4|0|13|12	410
    522	1|5|7|4|1|11|6	1673
    518	1|5|1|5|1|8|13	1390
    517	0|6|3|4|1|6|14	689
    507	1|5|7|4|1|7|10	1669
    502	0|4|6|7|1|9|6	252
    500	0|5|5|4|1|15|5	520
    498	1|7|2|6|0|7|8	1994
    498	1|6|3|6|1|12|3	1805
    488	1|8|2|4|0|5|12	2058
    485	0|5|5|5|0|15|4	542
    477	1|6|4|6|0|12|3	1861
    477	0|4|2|4|3|11|12	49
    470	0|5|5|4|1|14|6	519
    469	0|7|1|4|1|6|14	790
    468	1|6|1|4|0|9|13	1718
    467	1|4|7|5|2|12|4	1293
    465	1|4|1|7|0|12|8	915
    464	1|4|6|7|1|6|8	1240
    461	0|5|4|4|2|7|13	495
    456	1|6|5|5|0|12|4	1886
    448	1|5|5|7|0|7|7	1614
    447	1|5|5|7|0|6|8	1613
    445	0|4|7|5|0|11|8	296
    441	0|4|1|5|1|13|11	13
    440	1|7|3|4|1|14|3	2012
    435	1|4|4|5|0|8|13	1018
    433	1|4|4|4|0|10|13	1005
    432	1|6|4|5|1|13|3	1851
    430	1|5|5|7|0|12|2	1619
    422	1|6|5|5|0|9|7	1883
    418	1|5|7|5|0|10|6	1683
    418	1|5|4|7|1|10|4	1543
    408	1|7|2|5|1|9|7	1985
    405	1|5|1|4|2|9|13	1382
    404	1|8|1|5|0|11|5	2053
    402	1|6|5|4|1|10|7	1873
    401	1|5|4|7|1|11|3	1544
    400	0|5|3|5|2|5|14	482
    399	1|6|2|8|0|12|1	1752
    399	0|4|6|5|1|10|9	209
    398	0|4|6|6|0|14|4	235
    386	1|5|1|4|1|10|13	1380
    381	1|7|2|4|2|11|6	1976
    379	1|7|2|4|2|13|4	1978
    377	1|8|1|5|0|13|3	2055
    375	1|6|4|5|1|11|5	1849
    366	1|4|5|8|1|9|4	1159
    359	1|5|4|8|0|5|8	1548
    359	1|5|4|8|0|12|1	1555
    357	1|4|6|6|2|7|8	1230
    355	1|7|2|4|2|7|10	1972
    351	0|6|2|5|1|6|13	682
    342	1|5|5|6|1|11|4	1607
    341	1|6|6|6|5|8|0	1913
    334	1|7|4|4|0|13|4	2033
    331	1|5|5|6|1|8|7	1604
    330	1|7|3|5|0|10|6	2019
    314	1|4|3|6|1|5|14	995
    310	1|4|3|4|0|11|13	966
    309	1|4|5|4|0|12|10	1045
    306	1|5|5|4|3|10|7	1573
    304	1|5|5|7|0|13|1	1620
    304	0|5|3|5|2|6|13	483
    300	0|4|6|5|1|9|10	208
    299	0|4|5|4|3|6|14	154
    297	1|6|4|5|1|14|2	1852
    296	1|5|5|7|0|10|4	1617
    293	0|4|6|7|1|8|7	251
    286	1|6|6|5|6|7|2	1909
    286	1|4|5|8|1|7|6	1157
    286	0|6|2|4|0|9|13	674
    277	1|4|1|4|0|14|12	884
    277	0|4|7|4|1|14|6	277
    274	1|5|5|5|2|12|4	1597
    271	1|6|3|5|2|10|6	1792
    262	0|5|5|4|1|10|10	515
    256	1|6|4|6|0|11|4	1860
    255	1|7|3|5|0|11|5	2020
    253	0|7|2|4|0|6|14	801
    252	0|5|3|4|3|6|14	474
    250	1|7|2|6|0|12|3	1999
    248	1|6|4|6|0|10|5	1859
    247	1|8|1|4|1|8|9	2039
    241	0|4|5|5|2|5|14	162
    237	0|4|4|4|2|9|13	122
    234	0|5|1|5|4|7|12	424
    233	1|7|2|5|1|8|8	1984
    232	1|8|1|4|1|10|7	2041
    232	1|5|4|6|2|11|4	1533
    230	1|8|1|4|1|5|12	2036
    226	0|4|4|5|0|8|14	129
    224	0|4|6|6|0|5|13	226
    219	0|4|4|4|1|10|13	119
    215	1|6|3|6|1|6|9	1799
    214	0|4|6|5|1|15|4	214
    204	0|5|5|5|0|5|14	532
    199	0|4|6|4|2|6|14	183
    197	1|5|9|4|6|8|2	1705
    190	0|4|2|4|6|8|12	53
    189	0|4|7|5|0|9|10	294
    188	1|5|8|5|6|8|1	1703
    187	0|4|6|6|0|9|9	230
    186	0|7|2|4|0|7|13	802
    184	0|5|4|5|1|6|13	500
    183	1|7|4|4|0|10|7	2030
    183	1|6|7|4|6|10|0	1921
    179	1|4|5|6|3|8|7	1126
    178	1|4|1|6|5|5|12	912
    175	1|8|1|4|1|13|4	2044
    175	0|4|2|7|1|11|8	76
    173	1|5|6|5|1|10|6	1649
    171	1|5|8|5|6|7|2	1702
    171	0|5|4|4|2|6|14	494
    170	1|4|5|7|2|11|3	1151
    167	0|4|6|7|1|11|4	254
    167	0|4|4|6|2|5|13	142
    164	0|4|6|6|0|12|6	233
    163	1|7|4|4|0|11|6	2031
    161	1|5|4|7|1|7|7	1540
    160	0|5|4|5|1|5|14	499
    158	1|6|8|4|5|8|2	1927
    158	1|5|5|5|2|10|6	1595
    158	0|4|6|6|0|8|10	229
    157	0|4|6|4|0|11|11	178
    153	0|4|7|5|0|14|5	299
    152	1|8|1|4|1|11|6	2042
    150	1|7|3|4|1|5|12	2003
    149	1|5|4|4|4|10|7	1488
    146	1|6|3|5|2|6|10	1788
    146	1|4|5|7|2|10|4	1150
    142	1|4|6|7|1|10|4	1244
    137	0|4|6|5|1|5|14	204
    136	1|4|6|6|2|8|7	1231
    134	1|5|5|6|1|12|3	1608
    132	1|8|1|5|0|7|9	2049
    132	1|7|2|6|0|6|9	1993
    132	1|4|6|7|1|7|7	1241
    126	1|6|6|6|6|6|1	1914
    125	1|5|5|7|0|11|3	1618
    122	0|5|3|6|1|5|13	486
    120	0|6|3|5|0|5|14	694
    118	1|7|3|4|1|7|10	2005
    118	0|4|1|6|1|11|11	22
    116	1|5|5|6|1|7|8	1603
    116	0|5|1|5|0|11|12	418
    116	0|4|5|4|0|10|13	149
    113	0|7|7|5|5|6|2	860
    110	0|6|7|6|6|7|0	780
    109	1|6|7|5|5|7|2	1922
    108	1|5|6|5|1|12|4	1651
    108	0|4|4|4|4|6|14	124
    104	1|8|1|4|1|12|5	2043
    102	0|7|1|5|0|6|13	796
    101	1|8|1|5|0|12|4	2054
     95	1|7|2|5|1|11|5	1987
     95	1|6|7|4|6|7|3	1918
     94	1|6|5|6|6|5|3	1890
     92	1|6|3|4|3|10|7	1770
     92	0|5|2|4|2|9|13	446
     92	0|4|1|6|2|10|11	24
     91	1|4|3|4|1|10|13	969
     91	1|4|1|5|2|10|12	896
     91	0|5|1|5|1|10|12	420
     89	1|5|6|4|2|10|7	1638
     89	0|4|6|6|0|11|7	232
     87	0|4|3|4|5|7|13	91
     86	1|6|5|6|6|6|2	1891
     86	1|5|2|5|0|8|13	1422
     85	1|6|3|5|2|12|4	1794
     85	0|4|6|4|0|9|13	176
     84	1|5|4|8|0|7|6	1550
     79	0|7|8|4|5|7|2	863
     77	1|7|3|4|1|10|7	2008
     77	1|7|2|5|1|7|9	1983
     77	0|4|6|4|0|15|7	182
     76	0|4|3|4|1|11|13	85
     75	1|6|3|7|0|10|4	1814
     75	1|4|6|6|2|12|3	1235
     75	1|4|3|4|2|9|13	972
     74	0|6|1|5|2|6|13	664
     73	1|4|4|4|1|8|14	1007
     71	1|4|1|5|0|12|12	893
     70	1|5|4|6|2|8|7	1530
     69	0|4|5|5|2|6|13	163
     66	1|4|5|7|2|8|6	1148
     66	1|4|5|7|2|7|7	1147
     65	1|6|4|5|1|12|4	1850
     65	0|5|3|5|0|8|13	480
     63	1|5|2|4|1|9|13	1412
     61	1|8|2|4|0|10|7	2063
     61	1|7|3|5|0|9|7	2018
     61	1|6|4|6|0|8|7	1857
     61	0|4|3|5|4|6|13	99
     60	1|5|7|4|1|10|7	1672
     60	1|4|5|4|0|8|14	1041
     60	0|6|3|5|0|6|13	695
     59	1|6|3|7|0|7|7	1811
     58	1|4|3|5|1|8|13	984
     56	1|8|1|5|0|9|7	2051
     55	1|6|5|6|6|7|1	1892
     53	0|6|8|5|6|6|2	781
     52	1|6|1|4|0|8|14	1717
     52	0|5|3|5|0|7|14	479
     52	0|4|8|4|0|14|6	342
     50	0|5|1|4|3|10|12	414
     49	1|7|2|6|0|8|7	1995
     49	0|6|1|4|0|10|13	654
     48	0|6|2|5|1|5|14	681
     48	0|4|7|4|1|12|8	275
     47	1|4|1|4|2|12|12	886
     46	0|4|1|5|3|11|11	15
     45	1|4|6|8|0|6|7	1250
     45	1|4|4|4|0|9|14	1004
     45	0|5|6|4|0|13|7	583
     45	0|4|3|4|3|9|13	89
     44	1|4|1|5|1|11|12	894
     43	0|6|8|5|6|7|1	782
     42	0|6|1|5|0|8|13	662
     41	1|5|4|8|0|6|7	1549
     41	0|5|4|6|0|5|13	503
     40	1|6|5|4|1|11|6	1874
     40	0|7|1|5|0|5|14	795
     40	0|6|2|6|0|5|13	685
     39	0|4|4|5|3|5|14	135
     36	1|6|7|5|5|8|1	1923
     36	1|5|7|6|6|7|1	1689
     36	1|5|6|7|6|7|0	1666
     35	1|7|2|5|1|10|6	1986
     35	0|5|2|4|4|7|13	448
     34	1|6|7|4|6|5|5	1916
     34	0|5|3|4|1|9|13	472
     34	0|4|2|5|5|7|12	62
     33	1|8|1|5|0|10|6	2052
     33	1|7|2|6|0|9|6	1996
     33	1|6|3|7|0|8|6	1812
     33	1|4|3|6|0|7|13	993
     33	0|4|1|5|4|10|11	17
     31	1|5|1|4|0|11|13	1378
     31	0|4|5|4|0|9|14	148
     30	1|6|7|5|6|6|2	1924
     29	1|6|7|4|6|6|4	1917
     29	1|6|6|6|5|7|1	1912
     28	1|6|6|6|6|7|0	1915
     27	1|4|1|6|0|10|12	904
     27	0|7|7|4|6|6|3	856
     27	0|5|1|6|3|6|12	432
     26	0|4|5|6|1|5|13	166
     25	1|7|2|5|1|6|10	1982
     25	1|5|2|4|0|9|14	1408
     25	0|7|6|6|5|7|0	854
     25	0|4|2|6|4|6|12	70
     24	0|4|2|4|1|13|12	47
     23	1|5|2|5|0|7|14	1421
     23	0|7|7|4|6|5|4	855
     23	0|4|6|4|0|12|10	179
     23	0|4|5|4|1|9|13	152
     23	0|4|2|4|2|12|12	48
     22	1|7|3|4|1|13|4	2011
     22	1|6|8|4|6|7|2	1930
     22	1|5|4|8|0|10|3	1553
     21	1|6|7|5|6|7|1	1925
     21	1|5|3|4|0|8|14	1437
     21	0|5|4|4|0|8|14	491
     20	1|6|4|4|2|10|7	1837
     20	0|4|4|4|1|9|14	118
     20	0|4|2|5|0|12|12	55
     19	1|7|3|4|1|11|6	2009
     19	0|7|6|5|6|6|2	850
     19	0|4|5|4|1|8|14	151
     18	1|6|6|5|6|6|3	1908
     18	1|5|2|4|1|8|14	1411
     18	1|4|3|5|0|8|14	980
     18	0|4|4|6|0|7|13	140
     17	1|6|5|7|5|7|0	1894
     17	0|7|5|6|6|6|1	846
     17	0|4|2|5|1|11|12	56
     16	1|6|4|7|6|7|0	1867
     16	0|5|4|4|0|9|13	492
     15	1|4|4|5|0|7|14	1017
     15	0|6|6|7|6|6|0	778
     15	0|6|2|4|0|8|14	673
     14	1|5|1|5|0|9|13	1388
     14	1|4|4|6|0|5|14	1027
     14	1|4|3|7|0|5|13	1000
     14	1|4|2|4|3|9|13	933
     14	0|7|6|5|6|5|3	849
     14	0|7|5|7|5|6|0	848
     14	0|7|4|7|6|6|0	844
     14	0|6|7|6|6|6|1	779
     14	0|5|2|5|3|6|13	456
     14	0|5|2|4|1|10|13	444
     14	0|4|1|6|3|9|11	26
     13	0|6|1|6|1|5|13	667
     13	0|5|3|4|0|9|14	468
     13	0|4|1|7|1|9|11	32
     12	1|7|2|4|2|10|7	1975
     12	1|4|2|4|2|10|13	931
     12	1|4|1|6|2|8|12	908
     12	1|4|1|6|1|9|12	906
     12	0|7|6|6|5|6|1	853
     12	0|6|1|4|1|9|13	656
     12	0|5|2|4|0|11|13	442
     12	0|5|1|7|2|5|12	437
     11	1|7|2|5|1|13|3	1989
     11	1|4|3|4|0|10|14	965
     11	0|7|7|5|5|7|1	861
     10	0|7|5|6|6|5|2	845
     10	0|5|2|5|0|9|13	452
     10	0|4|3|5|1|9|13	95
      9	0|4|2|4|4|10|12	51
      8	1|5|2|6|0|5|14	1430
      8	1|4|2|4|1|11|13	929
      8	0|4|1|8|3|5|11	43
      8	0|4|1|7|2|8|11	34
      7	1|5|1|7|0|5|13	1403
      7	1|5|1|6|0|7|13	1397
      7	1|4|3|5|1|7|14	983
      7	1|4|3|4|1|9|14	968
      7	0|5|1|5|2|9|12	422
      7	0|4|4|4|2|8|14	121
      6	1|6|4|7|6|5|2	1865
      6	0|4|2|6|1|9|12	66
      6	0|4|2|5|2|10|12	58
      6	0|4|1|8|0|8|11	39
      5	1|4|2|7|0|6|13	957
      5	0|4|5|5|0|7|14	159
      5	0|4|4|5|1|7|14	132
      5	0|4|3|4|2|10|13	87
      5	0|4|2|7|0|8|12	73
      4	1|6|6|5|6|5|4	1907
      4	1|4|3|6|0|6|14	992
      4	1|4|3|4|2|8|14	971
      4	0|5|3|4|1|8|14	471
      4	0|5|1|6|1|8|12	430
      4	0|4|6|5|1|13|6	212
      4	0|4|2|5|3|9|12	60
      3	1|4|2|5|2|8|13	943
      3	1|4|2|5|0|10|13	939
      3	1|4|1|8|1|5|12	924
      3	0|4|7|4|1|13|7	276
      3	0|4|4|6|0|6|14	139
      3	0|4|3|6|0|8|13	102
      2	1|6|3|8|6|6|0	1820
      2	1|6|3|8|6|5|1	1819
      2	1|4|2|6|1|7|13	951
      2	1|4|2|5|1|9|13	941
      2	1|4|1|7|1|7|12	916
      2	0|5|2|6|2|5|13	461
      2	0|4|3|6|3|5|13	106
      2	0|4|3|5|2|8|13	97
      2	0|4|1|7|0|10|11	30
      1	1|4|2|7|1|5|13	959
      1	1|4|2|6|0|8|13	949
      1	1|4|1|7|0|8|12	914
      1	0|7|3|8|6|5|0	831
      1	0|5|1|7|0|7|12	435
      1	0|4|6|4|0|8|14	175
      1	0|4|5|5|0|8|13	160
      1	0|4|2|7|3|5|12	77
      1	0|4|2|6|0|10|12	64
