101067229	None	0
5878278	0|5|2|4|6|9|9	451
5472699	0|4|3|5|6|8|9	101
4995151	0|6|1|4|5|9|9	661
3486528	0|5|1|5|6|9|8	427
2589476	0|4|6|4|4|15|3	203
2579926	1|4|10|4|0|14|3	1373
2526091	0|5|2|5|5|8|9	458
2504428	0|4|10|4|0|15|3	409
2199930	0|4|3|6|5|7|9	108
2089207	0|6|1|5|4|8|9	666
1814334	1|4|8|6|0|15|0	1351
1791289	0|5|1|4|5|12|8	417
1780562	0|4|10|4|0|7|11	401
1711522	0|4|5|6|3|15|1	169
1653756	0|4|2|6|6|8|8	72
1598212	0|4|2|4|6|12|8	54
1545316	1|4|9|5|0|14|2	1367
1510288	1|4|4|5|5|15|1	1026
1498704	0|4|10|4|0|9|9	403
1398995	0|5|1|6|5|8|8	434
1387184	0|4|9|4|1|15|3	387
1379481	0|4|9|5|0|15|2	398
1315294	0|4|6|4|4|10|8	198
1286537	1|5|1|5|6|7|9	1396
1283376	0|4|6|4|4|9|9	197
1283159	0|4|8|4|2|15|3	354
1242959	0|4|4|4|6|5|13	127
1203418	0|4|1|5|6|12|7	20
1183320	0|5|5|4|3|15|3	531
1173780	1|4|10|4|0|15|2	1374
1171772	1|4|9|4|1|14|3	1361
1170893	0|4|10|4|0|10|8	404
1167961	0|4|6|4|4|5|13	193
1160144	0|4|10|4|0|5|13	399
1125890	1|4|10|4|0|11|6	1372
1119286	0|5|8|4|0|15|3	651
1088102	1|4|9|5|0|15|1	1368
1073514	0|4|7|4|3|15|3	289
1061764	1|4|9|5|0|11|5	1366
1032626	0|4|3|7|4|6|9	112
1018620	1|4|7|7|0|14|0	1312
1009492	0|4|9|4|1|7|11	379
 999344	1|4|5|4|5|14|3	1078
 994131	0|4|7|4|3|5|13	279
 989864	0|4|10|4|0|14|4	408
 988042	0|5|2|6|4|7|9	463
 984908	0|4|3|4|5|11|9	92
 967572	1|4|2|6|6|6|9	956
 954708	0|4|1|7|6|8|7	38
 946948	0|4|8|4|2|9|9	348
 939576	0|4|8|4|2|7|11	346
 934548	0|4|8|4|2|5|13	344
 930931	0|4|9|4|1|5|13	377
 920854	0|4|6|4|4|7|11	195
 899310	0|4|7|7|0|15|0	333
 894006	0|4|6|4|4|8|10	196
 882731	0|4|9|5|0|6|11	389
 876984	0|4|7|4|3|9|9	283
 871556	0|4|6|4|4|12|6	200
 847230	0|4|5|7|2|15|0	172
 845080	0|4|8|5|1|15|2	365
 840744	1|4|8|6|0|14|1	1350
 831886	0|4|7|4|3|7|11	281
 830697	0|4|9|5|0|12|5	395
 823616	0|4|7|4|3|10|8	284
 819608	0|4|9|4|1|9|9	381
 817740	0|6|1|6|3|7|9	669
 815144	0|4|10|4|0|8|10	402
 803142	0|4|6|5|3|14|3	224
 765700	0|4|9|5|0|14|3	397
 764252	0|5|8|4|0|7|11	643
 764112	0|4|8|6|0|15|1	376
 757301	0|7|1|4|3|8|10	794
 752796	0|4|7|5|2|15|2	311
 738624	1|4|10|4|0|6|11	1370
 729472	1|4|4|6|4|14|1	1031
 713920	1|4|8|5|1|14|2	1344
 713081	1|4|4|6|4|15|0	1032
 705920	0|5|4|6|2|15|1	506
 691776	0|4|5|4|5|5|13	157
 684056	0|4|6|4|4|14|4	202
 682582	0|4|10|4|0|12|6	406
 652115	0|4|2|7|5|7|8	79
 651588	0|4|9|5|0|8|9	391
 651513	0|4|10|4|0|6|12	400
 649848	0|4|6|5|3|12|5	222
 644758	1|4|6|4|4|15|2	1194
 641754	0|5|7|5|0|15|2	640
 640840	0|4|9|4|1|14|4	386
 640618	0|6|1|4|3|11|9	659
 638388	0|4|8|4|2|10|8	349
 635151	1|4|1|4|4|14|8	890
 632124	0|4|9|4|1|10|8	382
 629868	0|5|2|4|4|11|9	449
 628886	0|5|7|4|1|15|3	629
 622908	1|4|9|4|1|6|11	1353
 590632	0|4|6|4|4|13|5	201
 574376	1|4|9|4|1|13|4	1360
 567284	0|5|8|4|0|9|9	645
 560712	1|4|5|4|5|9|8	1073
 550624	0|5|5|4|3|10|8	526
 549376	1|4|10|6|5|8|0	1376
 547464	0|5|1|7|4|7|8	439
 547455	0|4|10|4|0|13|5	407
 545816	1|4|5|4|5|8|9	1072
 540728	0|5|5|4|3|9|9	525
 531797	1|5|1|6|5|6|9	1402
 530424	0|4|2|8|4|6|8	83
 530380	0|4|3|8|3|5|9	114
 522395	0|5|8|4|0|5|13	641
 519636	0|4|6|5|3|6|11	216
 513752	0|4|8|4|2|14|4	353
 511981	0|5|8|4|0|13|5	649
 499008	0|4|1|8|5|7|7	45
 498275	0|4|7|4|3|6|12	280
 496518	0|6|4|4|2|15|3	722
 495680	0|4|6|5|3|8|9	218
 493791	1|4|7|4|3|15|2	1274
 493630	0|5|3|4|5|5|13	477
 487956	0|6|6|4|0|15|3	777
 481707	0|4|8|5|1|6|11	356
 480888	0|4|7|5|2|12|5	308
 479802	0|5|8|4|0|10|8	646
 475248	1|4|7|4|3|14|3	1273
 473312	0|4|7|6|1|15|1	322
 461538	1|4|2|7|5|5|9	962
 459144	0|5|6|4|2|15|3	596
 458378	0|4|6|7|1|15|0	258
 457720	0|4|9|4|1|6|12	378
 457528	0|5|2|7|3|6|9	465
 452684	0|4|7|5|2|6|11	302
 450500	0|4|8|5|1|12|5	362
 446820	0|5|5|4|3|5|13	521
 442040	0|4|8|4|2|8|10	347
 438962	0|5|1|5|4|11|8	425
 434908	0|4|9|4|1|8|10	380
 432768	0|4|8|5|1|14|3	364
 430380	1|4|8|4|2|6|11	1325
 429952	0|4|5|7|2|14|1	171
 428972	0|5|8|4|0|14|4	650
 426432	0|4|9|5|0|9|8	392
 425537	1|4|9|4|1|9|8	1356
 423026	0|5|6|4|2|5|13	586
 417054	0|4|8|6|0|14|2	375
 414468	1|4|8|4|2|14|3	1333
 409656	1|4|6|4|4|14|3	1193
 408156	1|4|8|5|1|11|5	1341
 408083	1|4|1|4|3|15|8	888
 407834	0|5|7|5|0|6|11	631
 407334	0|4|8|4|2|6|12	345
 406284	0|4|3|5|4|10|9	100
 404610	0|4|7|4|3|14|4	288
 404352	1|4|7|4|3|8|9	1267
 400539	0|5|7|4|1|7|11	621
 391072	0|6|6|4|0|7|11	769
 390096	0|4|6|5|3|10|7	220
 389976	1|5|8|4|0|14|3	1700
 389296	1|4|6|7|1|14|0	1248
 388904	1|4|6|4|4|8|9	1187
 386180	0|5|5|4|3|8|10	524
 384260	0|4|8|5|1|8|9	358
 383406	1|4|7|4|3|6|11	1265
 382974	1|6|1|4|5|7|10	1726
 382680	1|4|5|4|5|6|11	1070
 382096	1|4|7|6|1|14|1	1306
 381939	0|5|7|4|1|5|13	619
 381508	0|5|7|4|1|9|9	623
 379248	0|5|5|4|3|12|6	528
 377181	0|5|5|4|3|7|11	523
 375076	0|4|7|4|3|13|5	287
 374796	0|4|9|4|1|13|5	385
 374654	0|4|9|5|0|7|10	390
 374598	0|5|7|5|0|12|5	637
 372888	0|6|1|7|2|6|9	671
 372032	0|5|6|5|1|15|2	607
 369920	1|4|8|5|1|13|3	1343
 369712	0|5|4|7|1|15|0	508
 369636	1|4|5|4|5|7|10	1071
 369204	1|4|5|4|5|11|6	1075
 369160	1|4|6|4|4|9|8	1188
 368738	0|4|7|5|2|14|3	310
 366456	0|4|6|5|3|7|10	217
 363296	1|4|4|7|3|14|0	1036
 362908	0|5|5|7|0|15|0	575
 362020	0|4|7|5|2|8|9	304
 362019	1|4|6|6|2|15|0	1238
 357832	0|5|6|4|2|7|11	588
 354710	0|4|7|4|3|8|10	282
 354048	0|5|8|4|0|8|10	644
 353387	1|4|5|6|3|15|0	1133
 352276	0|5|8|4|0|12|6	648
 350400	1|4|6|5|3|15|1	1216
 350160	1|4|9|4|1|8|9	1355
 349184	0|5|5|5|2|14|3	552
 345121	1|4|8|5|1|5|11	1335
 344960	0|5|6|6|0|15|1	618
 344905	1|4|9|5|0|5|11	1363
 344768	1|4|5|5|4|13|3	1109
 343686	1|4|10|6|6|7|0	1377
 343318	0|4|10|4|0|11|7	405
 343032	1|4|8|4|2|8|9	1327
 341024	0|4|6|5|3|9|8	219
 338704	0|5|6|4|2|10|8	591
 337484	0|5|7|5|0|14|3	639
 336677	1|4|1|7|6|6|8	921
 336414	1|4|6|4|4|6|11	1185
 333108	0|4|8|4|2|13|5	352
 330808	0|5|7|4|1|10|8	624
 328676	0|5|6|4|2|9|9	590
 328438	0|4|7|4|3|12|6	286
 327420	0|4|9|4|1|12|6	384
 325088	0|5|7|5|0|8|9	633
 323012	1|5|3|5|4|15|1	1453
 316348	1|5|1|7|4|5|9	1406
 313778	0|4|8|6|0|7|9	368
 306990	0|7|1|5|2|7|10	798
 306564	0|4|1|6|5|11|7	29
 303384	1|4|5|4|5|13|4	1077
 300240	0|5|1|8|3|6|8	441
 299940	0|6|6|4|0|9|9	771
 297620	1|4|8|4|2|15|2	1334
 297266	1|5|8|4|0|6|11	1692
 296886	0|5|8|4|0|6|12	642
 295796	0|4|9|5|0|10|7	393
 294912	0|6|3|6|1|15|1	699
 293916	1|5|4|4|4|14|3	1492
 290627	0|5|4|4|4|5|13	497
 285598	0|4|8|6|0|5|11	366
 285546	0|4|5|8|1|14|0	174
 284672	0|6|3|7|0|15|0	701
 284416	0|6|5|5|0|15|2	766
 280544	1|4|5|5|4|11|5	1107
 279944	0|5|5|5|2|12|5	550
 279296	1|4|7|5|2|14|2	1295
 276108	1|5|9|6|6|6|0	1711
 274854	0|5|7|4|1|14|4	628
 274680	1|4|1|8|5|5|8	927
 272512	1|5|8|4|0|15|2	1701
 272084	0|4|8|4|2|12|6	351
 270666	0|4|2|5|5|11|8	63
 270620	0|4|8|6|0|11|5	372
 270368	1|4|8|4|2|9|8	1328
 269164	1|4|9|4|1|7|10	1354
 267776	1|4|6|5|3|14|2	1215
 267600	0|6|1|5|2|10|9	665
 263546	0|5|2|5|3|10|9	457
 261652	1|4|5|4|5|12|5	1076
 259152	0|4|8|5|1|9|8	359
 257416	0|5|1|4|2|15|8	413
 254933	0|4|9|5|0|5|12	388
 253371	1|4|7|5|2|5|11	1286
 252316	1|5|6|6|0|15|0	1665
 251392	0|4|9|5|0|11|6	394
 250156	0|5|5|4|3|14|4	530
 250034	0|6|6|4|0|5|13	767
 248958	1|4|9|4|1|11|6	1358
 246072	1|4|8|6|0|11|4	1349
 245216	0|5|5|4|3|13|5	529
 244984	1|4|7|4|3|9|8	1268
 243104	0|6|6|4|0|10|8	772
 242533	0|5|1|4|3|14|8	415
 241400	0|4|7|5|2|9|8	305
 240712	1|4|8|4|2|5|12	1324
 239051	1|4|9|4|1|5|12	1352
 238176	0|5|5|5|2|6|11	544
 237504	0|4|7|6|1|14|2	321
 237468	1|5|10|5|6|6|1	1716
 237450	0|6|5|4|1|15|3	755
 235236	1|4|7|5|2|15|1	1296
 235076	0|4|2|4|3|15|8	50
 233944	1|5|8|4|0|8|9	1694
 233808	0|6|2|4|4|5|13	679
 231282	0|4|6|6|2|5|11	237
 229976	0|4|7|5|2|5|12	301
 229250	0|6|4|4|2|9|9	716
 229184	0|6|4|4|2|10|8	717
 228856	1|4|8|5|1|7|9	1337
 228584	1|5|7|5|0|14|2	1687
 228522	0|5|6|4|2|6|12	587
 227636	1|4|8|4|2|13|4	1332
 226789	1|4|10|4|0|5|12	1369
 225408	0|4|6|8|0|14|0	268
 223584	0|6|6|4|0|13|5	775
 222804	1|4|5|5|4|5|11	1101
 221184	0|7|2|6|0|15|1	808
 220612	0|7|3|4|1|15|3	819
 219648	0|4|7|7|0|14|1	332
 219496	0|5|5|5|2|8|9	546
 218480	0|5|6|5|1|12|5	604
 214819	0|6|4|4|2|5|13	712
 214048	0|4|6|6|2|10|6	242
 213756	1|4|10|4|0|7|10	1371
 210384	1|4|5|5|4|7|9	1103
 209063	0|5|6|5|1|6|11	598
 208896	1|4|6|4|4|5|12	1184
 207864	0|4|8|6|0|12|4	373
 207796	1|4|9|5|0|7|9	1365
 207360	0|5|2|8|2|5|9	467
 202830	0|6|6|4|0|14|4	776
 202163	1|5|1|4|2|13|9	1383
 201984	1|5|3|6|3|14|1	1455
 200192	1|4|6|5|3|11|5	1212
 199936	0|7|4|4|0|15|3	842
 198734	0|4|6|5|3|13|4	223
 197548	1|4|7|4|3|13|4	1272
 196080	0|4|6|6|2|7|9	239
 195508	0|4|8|6|0|8|8	369
 194022	0|5|6|4|2|14|4	595
 193878	0|4|8|5|1|7|10	357
 193564	1|4|7|4|3|7|10	1266
 193551	0|5|7|4|1|6|12	620
 193360	0|5|6|4|2|13|5	594
 191048	1|4|7|6|1|13|2	1305
 189488	0|5|7|5|0|9|8	634
 189366	0|6|5|4|1|5|13	745
 186516	1|4|6|5|3|5|11	1206
 186368	0|5|6|6|0|14|2	617
 186368	0|5|4|8|0|14|0	510
 186368	0|5|4|7|1|14|1	507
 186120	1|5|8|4|0|12|5	1698
 184192	1|4|4|7|3|13|1	1035
 184140	1|4|2|4|3|13|9	934
 182561	0|6|4|4|2|7|11	714
 182350	0|4|6|6|2|12|4	244
 181936	0|4|8|5|1|5|12	355
 179912	1|5|7|5|0|15|1	1688
 178376	0|4|8|5|1|10|7	360
 178221	0|5|7|5|0|7|10	632
 178186	0|5|1|6|3|10|8	433
 177788	0|4|8|6|0|6|10	367
 177585	0|4|7|6|1|5|11	312
 177544	0|4|8|6|0|10|6	371
 176960	0|6|5|4|1|10|8	750
 176186	0|4|6|6|2|6|10	238
 175936	0|5|5|5|2|10|7	548
 175628	0|4|6|5|3|11|6	221
 175432	0|4|7|5|2|10|7	306
 173356	0|5|10|6|5|7|0	653
 171671	0|5|8|4|0|11|7	647
 170692	0|5|7|4|1|8|10	622
 170579	0|6|6|4|0|8|10	770
 170538	1|5|1|4|0|15|9	1379
 170458	0|5|2|4|0|15|9	443
 170432	0|6|4|4|2|12|6	719
 169294	1|5|7|4|1|14|3	1676
 169152	1|4|5|5|4|9|7	1105
 168624	0|6|5|5|0|6|11	757
 168192	0|4|7|7|0|10|5	328
 166625	0|6|5|4|1|7|11	747
 166358	0|6|4|4|2|8|10	715
 165996	0|4|2|4|4|14|8	52
 165858	0|4|6|4|4|11|7	199
 165504	0|7|3|4|1|10|8	814
 165500	1|4|8|4|2|7|10	1326
 164880	0|7|4|4|0|7|11	834
 164672	0|5|6|5|1|14|3	606
 164393	1|6|1|5|4|6|10	1732
 164168	1|4|7|5|2|7|9	1288
 163216	1|5|8|4|0|13|4	1699
 162822	0|5|5|5|2|7|10	545
 162742	0|4|1|5|3|15|7	16
 161988	0|4|1|5|4|14|7	18
 161845	0|4|7|5|2|7|10	303
 160848	1|4|6|5|3|13|3	1214
 159744	0|6|5|5|0|12|5	763
 159280	1|5|4|4|4|9|8	1487
 158304	0|6|5|4|1|9|9	749
 158153	1|5|8|4|0|9|8	1695
 157818	1|4|7|4|3|5|12	1264
 157136	0|5|6|5|1|8|9	600
 156722	0|4|3|6|3|9|9	107
 156304	1|5|3|6|3|15|0	1456
 156172	1|4|6|5|3|7|9	1208
 155880	1|4|5|5|4|6|10	1102
 154636	0|5|7|4|1|13|5	627
 154200	1|5|6|4|2|14|3	1642
 154112	1|5|4|4|4|8|9	1486
 154056	1|6|6|4|0|14|3	1905
 153480	1|4|6|4|4|13|4	1192
 153292	1|4|7|5|2|11|5	1292
 153060	1|6|3|4|3|14|3	1774
 152974	0|5|7|5|0|13|4	638
 152936	0|6|4|4|2|14|4	721
 152212	0|5|6|4|2|12|6	593
 151290	1|5|1|4|1|14|9	1381
 151238	1|4|6|4|4|7|10	1186
 150720	1|4|5|5|4|8|8	1104
 150486	1|5|5|4|3|15|2	1578
 150292	1|6|10|4|5|6|2	1946
 150014	1|4|8|4|0|5|14	1313
 149859	0|4|7|6|1|7|9	314
 149168	0|4|9|5|0|13|4	396
 148786	1|4|9|5|0|6|10	1364
 147558	0|7|4|4|0|9|9	836
 147328	1|4|6|6|2|14|1	1237
 147276	0|6|4|5|1|14|3	732
 147168	1|6|2|5|3|15|1	1746
 146616	1|5|9|6|4|8|0	1709
 146240	0|5|5|5|2|9|8	547
 146232	0|6|6|4|0|6|12	768
 146148	0|6|5|5|0|8|9	759
 145339	1|4|9|4|1|10|7	1357
 144120	0|5|6|6|0|7|9	610
 143872	1|4|6|4|4|12|5	1191
 143360	0|4|5|8|1|13|1	173
 143028	1|4|5|7|2|14|0	1154
 142880	0|4|6|6|2|13|3	245
 142336	0|6|3|7|0|14|1	700
 141803	1|5|7|5|0|5|11	1678
 141774	0|7|1|4|3|5|13	793
 139968	0|7|1|6|1|6|10	799
 139648	1|4|7|5|2|13|3	1294
 139160	0|6|6|4|0|12|6	774
 138724	1|4|7|6|1|10|5	1302
 138422	1|4|8|5|1|6|10	1336
 138106	0|4|7|7|0|6|9	324
 138069	0|5|6|4|2|8|10	589
 136915	1|6|6|4|0|6|11	1897
 136892	0|4|3|4|2|14|9	88
 136737	1|5|7|4|1|6|11	1668
 135440	1|5|6|4|2|15|2	1643
 134160	0|4|6|6|2|8|8	240
 133456	1|5|7|5|0|11|5	1684
 133286	0|6|3|4|3|5|13	692
 132964	1|5|5|4|3|14|3	1577
 132760	0|4|3|4|3|13|9	90
 131796	1|5|8|4|0|11|6	1697
 131563	0|5|7|4|1|12|6	626
 131072	1|5|5|7|0|14|0	1621
 130106	0|4|8|5|1|13|4	363
 129408	1|4|7|7|0|11|3	1311
 129310	1|5|8|4|0|7|10	1693
 128992	0|6|5|5|0|14|3	765
 128632	0|6|1|4|5|5|13	660
 128500	1|6|6|4|0|15|2	1906
 128410	1|4|6|4|4|11|6	1190
 127048	1|4|8|5|1|10|6	1340
 124776	0|5|1|5|6|5|12	426
 124416	0|6|1|8|1|5|9	672
 123840	0|4|6|6|2|11|5	243
 123816	0|6|4|4|2|13|5	720
 122688	1|5|10|5|4|8|1	1714
 122624	1|4|4|8|2|13|0	1040
 122112	0|6|4|5|1|12|5	730
 121712	1|4|8|6|0|6|9	1347
 120004	0|5|7|5|0|10|7	635
 119120	0|4|1|7|4|10|7	37
 118604	0|4|8|6|0|13|3	374
 118544	0|4|6|7|1|12|3	255
 118156	1|5|7|4|1|9|8	1671
 117984	1|4|2|4|2|14|9	932
 117504	0|5|6|6|0|11|5	614
 117056	1|5|6|6|0|14|1	1664
 116731	0|7|3|4|1|5|13	809
 116386	1|5|7|4|1|8|9	1670
 116304	0|4|3|4|1|15|9	86
 116226	0|7|4|4|0|10|8	837
 115842	0|4|7|5|2|13|4	309
 115776	1|5|7|5|0|13|3	1686
 114346	1|4|7|6|1|6|9	1298
 114176	1|4|6|8|0|11|2	1252
 113110	1|4|8|5|1|9|7	1339
 112282	1|5|4|4|4|6|11	1484
 111700	1|5|6|4|2|8|9	1636
 110592	0|8|2|4|0|15|3	883
 110592	0|7|3|5|0|14|3	829
 110592	0|7|3|5|0|12|5	827
 110528	0|4|6|7|1|10|5	253
 110284	0|4|7|7|0|12|3	330
 110272	0|7|3|4|1|9|9	813
 109952	1|5|5|4|3|8|9	1571
 109824	1|5|6|4|2|6|11	1634
 109800	0|5|6|6|0|5|11	608
 109768	0|6|1|4|0|14|9	655
 109752	1|5|4|4|4|11|6	1489
 109558	1|5|4|4|4|7|10	1485
 109512	0|5|7|5|0|11|6	636
 108972	0|7|3|4|1|7|11	811
 108544	1|5|3|7|2|14|0	1460
 107920	1|4|7|4|3|12|5	1271
 107776	1|5|5|5|2|14|2	1599
 107496	1|5|5|4|3|9|8	1572
 106992	0|6|4|5|1|6|11	724
 106902	1|5|6|5|1|14|2	1653
 106896	1|4|7|5|2|8|8	1289
 106436	0|4|7|6|1|12|4	319
 106108	0|5|7|5|0|5|12	630
 106020	1|4|8|4|2|11|6	1330
 105822	0|7|4|4|0|5|13	832
 105402	0|5|2|6|2|9|9	462
 105224	0|7|4|4|0|13|5	840
 104723	0|6|5|4|1|6|12	746
 104272	1|4|1|5|3|13|8	899
 104256	0|4|2|6|4|10|8	71
 103832	0|5|6|5|1|9|8	601
 103680	0|6|1|6|1|9|9	668
 103672	1|5|7|5|0|7|9	1680
 103334	0|4|6|4|2|12|8	189
 103296	1|4|8|5|1|8|8	1338
 102828	0|4|7|6|1|10|6	317
 102488	1|5|5|4|3|6|11	1569
 102088	1|4|6|5|3|8|8	1209
 101824	1|6|1|6|3|5|10	1734
 101736	1|4|7|4|3|11|6	1270
 100213	1|4|3|5|4|5|13	989
  99788	0|7|1|4|1|10|10	792
  99260	0|4|7|6|1|8|8	315
  99176	0|5|2|4|6|5|13	450
  98576	1|4|7|5|2|9|7	1290
  98244	0|4|8|4|0|11|9	339
  98208	0|4|7|6|1|11|5	318
  97792	1|4|6|7|1|13|1	1247
  97792	1|4|5|8|1|13|0	1163
  97764	1|6|4|6|0|15|0	1864
  97454	0|6|5|4|1|14|4	754
  97440	1|6|8|6|5|6|0	1937
  96592	1|4|2|4|1|15|9	930
  96112	1|5|4|5|3|13|3	1513
  96108	1|6|5|5|0|14|2	1888
  95664	0|5|5|6|1|10|6	559
  95344	1|4|7|6|1|11|4	1303
  95344	0|4|6|4|2|11|9	188
  94828	0|4|8|4|0|12|8	340
  94494	0|5|5|6|1|5|11	554
  94320	1|5|4|4|4|13|4	1491
  94208	1|6|2|6|2|14|1	1748
  94138	1|4|6|5|1|5|13	1195
  94128	0|7|3|4|1|14|4	818
  94058	0|4|8|4|0|7|13	335
  93264	0|4|6|7|1|6|9	249
  93209	0|5|6|5|1|5|12	597
  93184	0|5|5|7|0|12|3	572
  93184	0|5|4|8|0|13|1	509
  92270	1|4|5|5|2|5|13	1090
  92230	0|7|4|4|0|14|4	841
  92144	1|6|9|5|5|6|1	1943
  91907	1|5|6|5|1|5|11	1644
  91232	1|4|5|6|3|9|6	1127
  91200	1|6|5|4|1|14|3	1877
  89856	0|6|4|5|1|8|9	726
  89648	0|5|2|4|1|14|9	445
  89584	1|5|9|6|5|7|0	1710
  89323	0|5|5|5|2|13|4	551
  89088	0|5|5|7|0|10|5	570
  88972	0|4|8|6|0|9|7	370
  88960	0|4|6|6|2|9|7	241
  88776	0|7|3|5|0|6|11	821
  88520	1|4|5|5|4|12|4	1108
  87602	0|5|6|6|0|8|8	611
  86661	1|6|6|4|0|12|5	1903
  86608	0|5|6|6|0|13|3	616
  86442	0|6|5|5|0|9|8	760
  86208	0|5|5|6|1|7|9	556
  85852	0|5|6|6|0|12|4	615
  85532	0|4|8|4|2|11|7	350
  85488	0|6|1|4|1|13|9	657
  84872	0|5|5|4|3|11|7	527
  84364	1|5|4|5|3|5|11	1505
  83784	1|6|6|4|0|8|9	1899
  83632	0|5|5|6|1|12|4	561
  83502	1|4|7|5|2|6|10	1287
  83447	1|4|6|4|2|5|14	1173
  82757	0|4|7|6|1|6|10	313
  82748	1|4|1|5|2|14|8	897
  82432	1|5|1|5|1|12|9	1391
  82266	0|4|8|4|0|9|11	337
  82036	0|5|5|5|2|11|6	549
  82008	0|7|3|5|0|8|9	823
  81908	1|4|5|6|3|11|4	1129
  81732	0|4|8|5|1|11|6	361
  81648	0|7|3|4|1|8|10	812
  81608	1|6|3|4|3|8|9	1768
  81548	0|4|7|7|0|7|8	325
  81152	1|5|5|5|2|15|1	1600
  81024	1|4|5|6|3|6|9	1124
  80784	0|6|4|6|0|7|9	736
  80660	0|6|6|4|0|11|7	773
  80568	0|5|5|6|1|6|10	555
  80296	1|5|8|4|0|5|12	1691
  80232	0|5|6|5|1|10|7	602
  79880	0|6|5|4|1|13|5	753
  79760	1|5|4|6|2|15|0	1537
  79522	1|5|7|4|1|13|4	1675
  79440	1|6|3|4|3|9|8	1769
  79134	1|6|6|4|0|9|8	1900
  79047	0|5|2|4|2|13|9	447
  78624	0|5|5|7|0|6|9	566
  78621	1|6|6|4|0|13|4	1904
  78568	1|5|4|5|3|11|5	1511
  78336	1|6|10|4|3|8|2	1944
  78248	1|5|5|6|1|15|0	1611
  77760	0|8|1|4|1|7|11	871
  77440	1|4|5|5|4|10|6	1106
  77376	0|5|5|4|1|12|8	517
  76880	0|4|3|7|2|8|9	111
  76528	0|4|3|5|0|14|9	94
  76234	1|4|1|5|1|15|8	895
  76128	1|4|6|5|3|9|7	1210
  76050	1|5|6|4|2|13|4	1641
  75336	0|7|4|4|0|12|6	839
  75078	1|5|5|4|3|5|12	1568
  75044	1|4|7|6|1|5|10	1297
  74574	1|4|7|5|0|5|13	1275
  74520	1|5|4|4|4|12|5	1490
  74436	0|4|7|5|2|11|6	307
  74375	1|5|7|4|1|5|12	1667
  74004	0|5|6|5|1|7|10	599
  73904	1|4|5|6|3|5|10	1123
  73855	0|5|6|4|0|9|11	579
  73728	0|6|4|6|0|11|5	740
  73728	0|6|4|6|0|10|6	739
  73728	0|6|4|5|1|10|7	728
  73664	1|4|6|6|2|13|2	1236
  73632	1|4|6|6|2|10|5	1233
  73115	1|5|1|5|0|13|9	1389
  72792	1|6|2|6|2|15|0	1749
  72126	1|5|7|4|1|15|2	1677
  72108	1|4|8|4|2|12|5	1331
  71820	0|7|4|4|0|6|12	833
  71532	1|6|5|5|0|15|1	1889
  71415	1|6|5|4|1|6|11	1869
  71288	0|4|1|5|6|8|11	19
  71267	0|5|6|6|0|6|10	609
  70736	0|5|6|4|0|7|13	577
  70704	0|6|5|4|1|12|6	752
  70588	0|5|6|6|0|10|6	613
  70544	1|4|2|5|0|14|9	940
  70236	0|6|5|5|0|7|10	758
  70062	0|4|7|6|1|13|3	320
  70058	1|4|7|4|1|5|14	1253
  69888	1|4|6|7|1|9|5	1243
  69852	1|6|4|4|2|14|3	1841
  69420	1|5|10|5|5|7|1	1715
  69360	1|5|8|4|0|10|7	1696
  69180	0|7|4|4|0|8|10	835
  69120	0|5|1|7|2|9|8	438
  69064	1|4|4|5|3|5|13	1023
  69060	1|4|7|6|1|9|6	1301
  68638	0|7|3|4|1|12|6	816
  68608	0|6|4|6|0|13|3	742
  68576	1|6|4|4|2|15|2	1842
  67828	1|4|7|6|1|7|8	1299
  67697	1|6|3|4|3|6|11	1766
  67620	1|5|6|4|0|5|14	1622
  67412	0|4|7|4|1|7|13	270
  67296	0|6|4|5|1|7|10	725
  67044	1|5|7|5|0|8|8	1681
  66912	0|6|5|4|1|8|10	748
  66789	1|4|6|5|3|6|10	1207
  66768	1|6|5|4|1|9|8	1872
  66736	0|4|7|5|0|8|11	293
  66684	1|4|8|6|0|5|10	1346
  66524	1|4|8|6|0|7|8	1348
  66252	1|5|6|4|2|9|8	1637
  66024	0|4|6|7|1|5|10	248
  65920	0|5|5|4|1|11|9	516
  65876	0|5|1|5|0|15|8	419
  65536	0|4|7|7|0|13|2	331
  65536	0|4|6|8|0|12|2	266
  65426	0|4|6|4|2|10|10	187
  64835	1|5|5|5|2|5|11	1590
  64808	1|4|5|4|5|10|7	1074
  64780	1|5|4|7|1|14|0	1547
  64776	0|4|7|4|3|11|7	285
  64672	1|5|6|6|0|13|2	1663
  64292	0|5|6|4|0|11|9	581
  64077	1|4|6|6|2|6|9	1229
  64016	0|5|2|5|0|13|9	453
  63345	0|7|2|4|2|5|13	804
  62832	0|6|4|6|0|12|4	741
  62312	0|4|6|4|2|14|6	191
  62208	0|7|3|5|0|7|10	822
  62208	0|6|4|6|0|6|10	735
  62208	0|6|1|7|0|8|9	670
  62192	1|5|7|5|0|6|10	1679
  61664	1|6|5|4|1|8|9	1871
  61464	1|4|2|5|2|12|9	944
  61440	1|4|4|8|2|12|1	1039
  61440	0|5|5|6|1|11|5	560
  61440	0|4|6|5|1|14|5	213
  61376	1|4|5|7|2|9|5	1149
  61365	0|4|4|4|4|7|13	125
  61032	0|4|9|4|1|11|7	383
  60992	1|4|5|6|3|12|3	1130
  60860	0|4|6|4|2|9|11	186
  60528	1|5|4|5|3|7|9	1507
  60359	0|4|6|4|2|7|13	184
  60240	1|5|5|5|2|11|5	1596
  60160	0|6|4|4|0|12|8	708
  59904	0|6|4|5|1|9|8	727
  59904	0|5|5|5|0|14|5	541
  59716	0|5|1|5|1|14|8	421
  59628	1|4|6|7|1|5|9	1239
  59617	1|5|6|5|1|13|3	1652
  59584	0|6|5|5|0|13|4	764
  59484	1|4|5|4|3|5|14	1058
  59400	0|8|2|4|0|7|11	875
  59272	0|5|6|4|0|12|8	582
  59184	0|6|4|6|0|5|11	734
  59020	1|5|6|5|1|11|5	1650
  58920	0|4|7|4|1|9|11	272
  58477	0|5|1|5|2|13|8	423
  58304	1|4|5|6|3|10|5	1128
  58292	1|4|7|5|2|10|6	1291
  58256	0|4|7|4|1|11|9	274
  58137	1|6|5|5|0|5|11	1879
  57983	1|6|4|4|2|6|11	1833
  57964	0|6|5|5|0|10|7	761
  57896	1|6|3|4|3|13|4	1773
  57744	1|4|2|5|1|13|9	942
  57532	1|5|6|4|2|12|5	1640
  57440	1|6|4|4|2|8|9	1835
  57400	1|5|7|5|0|12|4	1685
  57368	1|4|5|6|3|7|8	1125
  57360	0|5|5|6|1|8|8	557
  57344	0|4|6|8|0|9|5	263
  57344	0|4|6|8|0|11|3	265
  57024	1|6|3|4|3|7|10	1767
  57008	0|5|1|4|5|8|12	416
  56960	1|4|6|6|2|9|6	1232
  56806	0|6|4|4|0|11|9	707
  56320	1|5|5|6|1|14|1	1610
  56320	0|5|5|6|1|13|3	562
  56300	1|5|6|5|1|7|9	1646
  56272	0|4|3|5|2|12|9	98
  56156	0|4|6|8|0|10|4	264
  56136	1|6|6|4|0|11|6	1902
  55296	0|7|3|5|0|11|6	826
  55044	0|8|2|4|0|13|5	881
  55044	0|8|2|4|0|12|6	880
  54984	0|8|2|4|0|9|9	877
  54550	1|6|6|4|0|7|10	1898
  54480	0|4|1|8|3|9|7	44
  54444	1|6|5|5|0|11|5	1885
  54432	0|5|2|7|1|8|9	464
  54404	0|4|7|7|0|11|4	329
  54384	0|4|3|5|1|13|9	96
  54348	0|8|2|4|0|10|8	878
  54348	0|7|3|5|0|9|8	824
  54288	0|7|3|5|0|10|7	825
  54272	1|5|3|7|2|13|1	1459
  54216	1|6|10|4|4|7|2	1945
  54104	1|6|4|4|2|9|8	1836
  54050	1|5|6|4|2|7|10	1635
  53624	0|6|5|5|0|5|12	756
  53270	1|5|7|4|1|7|10	1669
  53128	1|5|6|5|1|15|1	1654
  53064	0|6|4|6|0|8|8	737
  52740	1|6|3|4|3|11|6	1771
  52416	0|4|6|7|1|7|8	250
  52320	1|4|6|5|3|12|4	1213
  52102	1|4|7|7|0|5|9	1308
  51840	1|4|5|7|2|5|9	1145
  51840	0|4|6|8|0|5|9	259
  51612	0|5|7|4|1|11|7	625
  51408	0|8|2|4|0|14|4	882
  51210	1|5|6|4|2|5|12	1633
  50874	1|5|2|5|3|5|13	1427
  50832	0|5|5|7|0|7|8	567
  50656	1|5|6|6|0|6|9	1656
  49664	0|6|4|4|0|14|6	710
  49266	0|7|3|5|0|13|4	828
  49180	0|4|7|7|0|5|10	323
  49152	1|7|1|5|2|15|1	1954
  49152	1|6|8|6|3|8|0	1935
  49152	1|6|4|6|0|14|1	1863
  49152	1|6|4|5|1|14|2	1852
  49152	1|6|2|7|1|14|0	1751
  49152	1|4|5|8|1|11|2	1161
  49152	0|6|9|6|4|7|0	787
  49088	0|5|6|4|0|15|5	585
  48992	1|5|5|5|2|13|3	1598
  48896	1|4|5|8|1|12|1	1162
  48896	0|4|6|8|0|13|1	267
  48728	1|5|5|4|3|13|4	1576
  48612	1|6|3|7|0|14|0	1818
  48480	1|4|6|7|1|11|3	1245
  48384	0|6|5|5|0|11|6	762
  48384	0|4|6|8|0|6|8	260
  48208	1|5|4|5|3|9|7	1509
  48048	0|4|7|4|1|15|5	278
  47984	0|4|7|7|0|9|6	327
  47928	1|6|5|5|0|13|3	1887
  47817	1|5|4|5|1|5|13	1494
  47424	1|6|3|5|2|5|11	1787
  47296	0|5|6|5|1|13|4	605
  47208	1|7|4|4|0|14|3	2034
  47092	1|6|3|5|2|13|3	1795
  47072	0|5|5|4|1|14|6	519
  46687	1|6|6|4|0|5|12	1896
  46656	0|7|1|7|0|5|10	800
  46512	0|4|6|7|1|9|6	252
  46476	0|4|8|4|0|8|12	336
  46048	0|6|4|4|0|15|5	711
  45707	1|5|7|4|1|12|5	1674
  45544	1|6|5|5|0|7|9	1881
  45440	0|4|7|4|1|12|8	275
  45326	1|4|4|4|4|5|14	1013
  45184	0|5|5|7|0|9|6	569
  45130	1|7|4|4|0|15|2	2035
  44556	1|5|4|5|3|6|10	1506
  44475	1|4|6|6|2|5|10	1228
  44220	1|5|5|4|3|7|10	1570
  44160	0|5|5|5|0|10|9	537
  43848	0|8|2|4|0|5|13	873
  43656	1|5|5|5|2|7|9	1592
  43632	1|6|5|4|1|15|2	1878
  43584	0|5|5|4|1|10|10	515
  42976	0|4|6|8|0|8|6	262
  42964	0|4|7|4|1|6|14	269
  42884	1|4|6|6|2|7|8	1230
  42810	0|5|5|4|1|7|13	512
  42660	0|6|1|5|0|12|9	663
  42600	0|4|7|6|1|9|7	316
  42576	0|6|10|5|4|7|1	789
  42420	1|6|4|4|2|5|12	1832
  42260	1|5|7|5|0|9|7	1682
  42136	0|6|4|4|0|10|10	706
  42132	0|5|5|4|1|9|11	514
  42064	1|5|7|4|1|11|6	1673
  41760	1|5|4|5|3|8|8	1508
  41751	1|6|4|5|1|5|11	1843
  41640	1|6|9|5|3|8|1	1941
  41624	1|5|6|6|0|10|5	1660
  41472	0|8|2|4|0|8|10	876
  41442	0|5|3|4|3|7|13	475
  41423	1|7|1|4|3|6|11	1950
  41320	0|6|4|4|0|9|11	705
  41280	0|5|5|7|0|11|4	571
  41135	0|6|4|4|0|7|13	703
  41054	0|7|3|4|1|13|5	817
  41040	1|6|5|4|1|13|4	1876
  40960	1|5|3|8|1|13|0	1462
  40950	1|6|4|4|0|5|14	1821
  40920	1|5|5|4|3|12|5	1575
  40896	1|5|7|5|0|10|6	1683
  40868	1|5|6|4|2|11|6	1639
  40688	0|4|1|6|3|13|7	27
  40592	1|5|5|4|3|11|6	1574
  40014	0|4|2|7|3|9|8	78
  39936	0|4|6|5|1|10|9	209
  39568	0|4|1|6|2|14|7	25
  39528	0|5|1|8|1|8|8	440
  39352	1|5|5|4|1|5|14	1557
  39328	0|6|4|5|1|13|4	731
  39312	0|5|5|7|0|5|10	565
  39120	0|4|7|5|0|10|9	295
  39072	0|4|1|6|1|15|7	23
  38836	0|4|2|5|2|14|8	59
  38296	1|5|6|5|1|8|8	1647
  38280	0|4|6|4|2|15|5	192
  38256	0|5|5|6|1|9|7	558
  37824	1|4|5|6|3|8|7	1126
  37796	1|5|1|6|0|11|9	1398
  37428	0|5|6|4|0|14|6	584
  37092	0|5|5|5|0|9|10	536
  37064	0|5|6|6|0|9|7	612
  36894	1|7|4|4|0|6|11	2026
  36864	1|8|1|4|1|14|3	2045
  36864	1|7|1|6|1|14|1	1955
  36864	1|6|3|5|2|11|5	1793
  36864	1|4|5|7|2|11|3	1151
  36792	0|7|4|4|0|11|7	838
  36568	1|4|8|4|2|10|7	1329
  36438	0|4|5|4|3|7|13	155
  36430	0|5|6|4|0|6|14	576
  36393	1|6|3|5|0|5|13	1776
  36324	0|5|6|5|1|11|6	603
  36288	0|7|1|5|0|9|10	797
  36168	0|4|1|4|1|15|11	2
  36000	0|4|6|5|1|6|13	205
  35780	0|5|5|5|0|8|11	535
  35712	0|6|4|5|1|11|6	729
  35676	0|4|3|6|0|12|9	103
  35634	1|5|5|5|0|5|13	1579
  35470	1|5|4|4|2|5|14	1472
  35376	0|6|4|6|0|9|7	738
  35364	0|4|7|7|0|8|7	326
  35296	1|4|2|6|0|12|9	950
  35264	0|4|7|5|0|14|5	299
  35103	0|5|2|5|1|12|9	455
  34940	0|5|6|4|0|8|12	578
  34924	1|6|4|4|2|13|4	1840
  34896	0|4|6|7|1|8|7	251
  34830	0|4|2|5|3|13|8	61
  34560	0|4|3|8|1|7|9	113
  34560	0|4|2|8|2|8|8	82
  34516	1|4|6|6|2|11|4	1234
  34468	0|4|7|5|0|6|13	291
  34368	0|6|4|4|2|11|7	718
  34316	1|6|3|4|3|12|5	1772
  34202	1|6|5|4|1|5|12	1868
  33888	0|5|5|7|0|8|7	568
  33696	0|5|2|8|0|7|9	466
  33672	1|4|1|6|2|12|8	909
  33548	0|4|8|4|0|10|10	338
  33168	0|4|6|5|1|8|11	207
  32983	1|6|5|4|1|7|10	1870
  32768	1|5|5|7|0|13|1	1620
  32768	1|5|5|6|1|13|2	1609
  32768	1|5|4|8|0|13|0	1556
  32768	0|4|6|6|0|12|6	233
  32716	1|4|7|4|3|10|7	1269
  32668	0|4|2|4|6|8|12	53
  32358	1|4|7|7|0|6|8	1309
  32356	1|4|2|6|1|11|9	952
  32337	1|5|3|5|2|5|13	1450
  32332	0|4|1|4|1|14|12	1
  32256	0|4|6|8|0|7|7	261
  32192	1|5|6|6|0|12|3	1662
  32012	0|4|6|7|1|11|4	254
  31976	1|5|6|6|0|11|4	1661
  31904	1|6|1|4|3|5|14	1723
  31744	0|4|2|5|1|15|8	57
  31680	1|6|8|6|4|7|0	1936
  31608	1|4|6|5|3|10|6	1211
  30912	1|6|3|5|2|7|9	1789
  30704	1|6|6|4|0|10|7	1901
  30466	0|4|6|4|2|6|14	183
  29904	1|4|6|7|1|6|8	1240
  29888	0|4|7|4|1|14|6	277
  29868	0|5|6|4|2|11|7	592
  29775	0|5|5|5|0|6|13	533
  29652	1|4|1|6|1|13|8	907
  29632	0|5|5|5|0|12|7	539
  29632	0|5|5|5|0|11|8	538
  29550	1|6|1|5|2|5|13	1730
  29331	0|4|1|4|3|13|11	6
  29184	1|6|4|5|1|11|5	1849
  29120	0|4|7|5|0|11|8	296
  28944	0|8|1|4|1|5|13	870
  28928	0|5|5|4|1|15|5	520
  28744	0|4|6|4|0|14|8	181
  28728	1|5|5|5|2|8|8	1593
  28416	0|4|6|5|1|9|10	208
  28275	0|4|7|4|1|8|12	271
  28269	1|5|6|5|1|6|10	1645
  28044	1|5|6|6|0|7|8	1657
  27888	0|7|10|4|3|7|2	869
  27498	0|4|6|6|0|8|10	229
  27444	0|5|2|6|0|11|9	460
  27144	0|8|2|4|0|11|7	879
  27008	0|7|3|4|1|11|7	815
  26821	0|4|4|5|3|6|13	136
  26816	0|4|7|5|0|7|12	292
  26800	1|5|6|5|1|9|7	1648
  26791	1|6|4|5|1|7|9	1845
  26748	1|5|6|6|0|5|10	1655
  26728	1|7|1|5|2|5|11	1953
  26718	1|6|4|4|2|7|10	1834
  26624	0|4|6|5|1|11|8	210
  26301	1|6|5|5|0|6|10	1880
  26240	0|4|2|6|0|14|8	65
  26172	0|4|1|4|4|12|11	8
  26112	1|6|3|5|2|9|7	1791
  26024	1|5|4|5|3|12|4	1512
  25984	1|6|9|5|4|7|1	1942
  25688	0|5|1|6|0|13|8	429
  25548	1|4|7|6|1|8|7	1300
  25482	0|5|6|4|0|10|10	580
  25448	0|4|1|4|5|11|11	10
  25276	1|5|6|6|0|9|6	1659
  24974	0|5|4|4|2|7|13	495
  24912	0|4|6|6|0|7|11	228
  24836	1|6|4|4|2|12|5	1839
  24768	1|5|4|6|2|5|10	1527
  24576	1|8|2|4|0|15|2	2068
  24576	1|8|1|5|0|15|1	2057
  24576	1|8|1|5|0|14|2	2056
  24576	1|8|1|4|1|15|2	2046
  24576	1|7|3|5|0|15|1	2024
  24576	1|7|3|5|0|14|2	2023
  24576	1|7|2|6|0|15|0	2002
  24576	1|7|2|4|2|14|3	1979
  24576	1|7|1|7|0|14|0	1958
  24576	1|7|1|6|1|15|0	1956
  24576	1|6|4|6|0|13|2	1862
  24576	1|6|4|5|1|15|1	1853
  24576	1|6|2|8|0|13|0	1753
  24576	1|6|2|7|1|13|1	1750
  24576	1|5|5|7|0|9|5	1616
  24576	1|4|5|8|1|8|5	1158
  24576	1|4|5|8|1|10|3	1160
  24576	0|4|6|6|0|13|5	234
  24576	0|4|6|5|1|12|7	211
  24456	1|6|1|4|0|12|10	1719
  24360	1|8|2|4|0|14|3	2067
  24306	1|6|3|6|1|15|0	1808
  24300	1|5|4|6|2|11|4	1533
  24258	1|5|9|4|6|8|2	1705
  24240	1|4|6|7|1|10|4	1244
  24188	1|6|4|4|2|11|6	1838
  24120	0|4|7|4|1|10|10	273
  24112	0|4|7|5|0|12|7	297
  24000	1|4|5|7|2|10|4	1150
  23928	1|4|5|8|1|9|4	1159
  23530	0|4|1|4|3|12|12	5
  23520	1|6|3|4|1|5|14	1754
  23472	1|5|4|6|2|6|9	1528
  23456	1|5|4|6|2|9|6	1531
  23412	1|6|5|5|0|12|4	1886
  23232	1|6|4|5|1|13|3	1851
  22904	1|4|5|4|0|13|9	1046
  22896	0|4|6|6|0|9|9	230
  22884	1|7|4|4|0|8|9	2028
  22812	1|4|6|4|4|10|7	1189
  22704	1|4|7|5|2|12|4	1293
  22698	1|7|4|4|0|12|5	2032
  22680	1|6|3|5|2|6|10	1788
  22542	0|6|2|4|2|7|13	677
  22524	0|5|1|6|1|12|8	431
  22512	1|5|4|5|3|10|6	1510
  22464	1|4|5|7|2|6|8	1146
  22368	1|6|7|4|6|10|0	1921
  21984	0|4|8|4|0|6|14	334
  21776	0|4|3|6|1|11|9	105
  21376	0|6|4|4|0|13|7	709
  21372	1|7|4|4|0|13|4	2033
  21339	1|5|5|6|1|6|9	1602
  21192	1|4|1|6|0|14|8	905
  20822	0|4|1|4|2|13|12	3
  20820	0|4|7|5|0|5|14	290
  20736	1|4|5|8|1|5|8	1155
  20674	1|4|5|4|0|9|13	1042
  20672	0|4|3|7|0|10|9	110
  20608	1|6|3|5|2|8|8	1790
  20570	0|4|1|4|4|11|12	7
  20536	0|5|5|4|1|6|14	511
  20511	1|6|4|6|0|6|9	1855
  20480	1|5|4|6|2|12|3	1534
  20480	1|5|3|8|1|12|1	1461
  20475	0|4|1|4|2|14|11	4
  20371	0|6|4|4|0|6|14	702
  20368	1|5|5|5|2|9|7	1594
  20286	0|5|5|5|0|15|4	542
  20256	1|5|5|7|0|5|9	1612
  20145	1|5|5|5|2|6|10	1591
  20120	1|5|4|4|4|10|7	1488
  20088	1|4|1|4|4|10|12	889
  20012	1|8|2|4|0|6|11	2059
  19888	1|4|5|7|2|8|6	1148
  19836	1|5|3|4|3|5|14	1443
  19558	0|4|5|5|2|6|13	163
  19500	1|6|5|4|1|11|6	1874
  19424	0|4|1|4|5|10|12	9
  19272	1|6|5|5|0|9|7	1883
  19272	1|4|5|7|0|5|11	1134
  19200	0|4|6|4|0|13|9	180
  19068	1|6|5|4|1|12|5	1875
  18712	1|4|6|6|2|8|7	1231
  18676	1|4|6|6|0|5|12	1217
  18432	1|8|1|4|1|9|8	2040
  18432	1|6|4|6|0|10|5	1859
  18432	1|6|3|6|1|9|6	1802
  18432	1|5|7|6|6|8|0	1690
  18432	0|5|5|5|0|13|6	540
  18400	1|4|5|8|1|7|6	1157
  18252	1|8|2|4|0|8|9	2061
  18240	1|8|2|4|0|9|8	2062
  18158	0|4|1|6|5|7|11	28
  18144	1|7|4|4|0|9|8	2029
  18144	1|6|5|5|0|8|8	1882
  18036	1|8|1|4|1|13|4	2044
  18024	1|6|5|5|0|10|6	1884
  17888	0|4|2|6|1|13|8	67
  17688	1|7|3|4|1|9|8	2007
  17664	1|7|2|4|0|5|14	1959
  17490	1|7|4|4|0|7|10	2027
  17472	1|5|5|5|2|12|4	1597
  17376	0|4|4|4|4|6|14	124
  17280	1|5|4|7|1|5|9	1538
  17280	1|4|6|8|0|5|8	1249
  17160	0|4|6|5|1|15|4	214
  17106	0|4|6|6|0|5|13	226
  17094	1|8|1|4|1|6|11	2037
  16992	1|5|8|5|6|7|2	1702
  16728	1|6|4|5|1|8|8	1846
  16492	0|6|1|4|3|7|13	658
  16448	1|4|1|6|5|5|12	912
  16448	0|4|3|4|5|7|13	91
  16384	1|5|5|7|0|12|2	1619
  16384	1|5|5|7|0|11|3	1618
  16384	1|5|4|7|1|9|5	1542
  16384	1|5|4|7|1|11|3	1544
  16384	0|7|8|6|3|7|0	866
  16352	0|4|8|4|0|13|7	341
  16280	1|6|4|5|1|9|7	1847
  16256	0|6|5|4|1|11|7	751
  16056	1|5|5|6|1|5|10	1601
  16024	0|4|7|5|0|9|10	294
  15840	1|5|4|6|2|7|8	1529
  15840	1|4|5|4|0|14|8	1047
  15696	1|4|6|7|1|8|6	1242
  15648	1|4|5|4|0|12|10	1045
  15640	0|4|6|4|2|13|7	190
  15616	1|5|5|6|1|9|6	1605
  15552	1|6|3|6|1|5|10	1798
  15552	0|7|1|4|1|7|13	791
  15480	1|5|8|5|6|8|1	1703
  15432	1|7|2|4|2|13|4	1978
  15360	1|8|1|4|1|8|9	2039
  15360	1|7|3|5|0|11|5	2020
  15360	1|7|2|4|2|8|9	1973
  15360	1|5|5|6|1|10|5	1606
  15360	0|4|6|6|0|10|8	231
  15360	0|4|1|7|2|12|7	35
  15280	0|4|1|7|1|13|7	33
  15168	1|6|2|5|1|5|13	1743
  15168	0|4|1|7|0|14|7	31
  15120	1|4|1|7|1|11|8	917
  15086	1|5|6|5|1|12|4	1651
  15072	1|4|7|7|0|7|7	1310
  15032	1|5|7|4|1|10|7	1672
  15000	0|4|7|5|0|13|6	298
  14967	1|7|3|5|0|5|11	2014
  14956	1|5|5|6|1|11|4	1607
  14928	1|4|5|7|2|7|7	1147
  14840	0|4|8|4|0|14|6	342
  14800	0|5|3|5|2|6|13	483
  14712	1|7|4|4|0|11|6	2031
  14551	0|6|3|4|1|7|13	690
  14442	1|7|2|4|2|6|11	1971
  14384	1|5|6|6|0|8|7	1658
  14384	0|4|1|5|0|14|11	12
  14346	0|4|2|6|2|12|8	69
  14336	0|7|9|5|3|7|1	868
  14220	1|5|5|6|1|7|8	1603
  14022	0|4|5|4|3|6|14	154
  13824	1|6|3|6|1|6|9	1799
  13824	1|5|5|7|0|6|8	1613
  13824	1|4|5|8|1|6|7	1156
  13680	1|4|6|8|0|7|6	1251
  13674	1|7|3|5|0|7|9	2016
  13644	1|6|4|6|0|7|8	1856
  13390	1|8|1|4|1|5|12	2036
  13360	0|5|1|5|4|7|12	424
  13152	1|4|6|7|1|7|7	1241
  13148	1|6|3|5|2|12|4	1794
  13032	0|5|5|4|1|13|7	518
  12960	1|4|2|7|0|10|9	958
  12880	1|5|6|5|1|10|6	1649
  12738	1|6|4|5|1|6|10	1844
  12544	1|5|4|6|2|10|5	1532
  12394	0|4|6|5|1|5|14	204
  12288	1|8|2|4|0|12|5	2065
  12288	1|8|1|5|0|13|3	2055
  12288	1|8|1|5|0|11|5	2053
  12288	1|8|1|4|1|11|6	2042
  12288	1|7|2|4|2|9|8	1974
  12288	1|7|2|4|2|11|6	1976
  12288	1|7|1|7|0|13|1	1957
  12288	1|6|3|7|0|9|5	1813
  12288	1|6|3|7|0|11|3	1815
  12288	1|6|3|6|1|10|5	1803
  12288	1|6|3|5|2|10|6	1792
  12288	1|6|2|8|0|12|1	1752
  12274	0|4|6|6|0|14|4	235
  12191	1|5|2|4|0|10|13	1409
  12180	1|7|3|5|0|13|3	2022
  12108	1|6|4|6|0|12|3	1861
  12108	1|6|4|6|0|11|4	1860
  12096	1|4|1|8|0|10|8	923
  12084	0|5|3|4|3|6|14	474
  12000	1|6|3|6|1|11|4	1804
  11973	1|7|3|4|1|6|11	2004
  11966	0|4|4|6|2|5|13	142
  11945	0|7|2|4|0|7|13	802
  11764	0|4|6|4|0|12|10	179
  11756	1|6|2|4|2|5|14	1739
  11704	1|6|3|4|3|10|7	1770
  11676	1|7|3|4|1|14|3	2012
  11580	1|4|6|6|2|12|3	1235
  11520	1|8|1|4|1|7|10	2038
  11520	1|7|2|4|2|7|10	1972
  11418	1|7|3|4|1|8|9	2006
  11409	0|5|5|5|0|5|14	532
  11316	1|8|2|4|0|13|4	2066
  11280	1|6|5|4|1|10|7	1873
  11187	1|7|4|4|0|5|12	2025
  11164	0|4|2|4|0|14|12	46
  11114	1|4|1|4|3|11|12	887
  10944	0|5|1|7|0|11|8	436
  10848	0|4|4|4|0|11|13	116
  10710	0|4|2|7|0|12|8	74
  10701	1|4|1|7|0|12|8	915
  10644	1|6|4|6|0|9|6	1858
  10640	1|4|5|4|0|11|11	1044
  10600	0|4|1|5|2|12|11	14
  10592	1|4|6|8|0|6|7	1250
  10584	1|7|1|4|1|5|14	1947
  10536	0|5|2|4|4|7|13	448
  10464	1|5|4|6|2|8|7	1530
  10388	0|4|6|4|0|11|11	178
  10384	0|4|1|5|3|11|11	15
  10368	1|8|1|5|0|5|11	2047
  10368	1|6|3|7|0|5|9	1809
  10356	0|4|5|4|0|10|13	149
  10240	1|5|4|8|0|11|2	1554
  10240	0|4|6|6|0|11|7	232
  10233	1|6|4|6|0|5|10	1854
  10200	0|6|9|4|6|7|2	784
  10200	0|5|6|4|0|13|7	583
  10080	0|4|1|5|1|13|11	13
  10032	1|5|5|4|3|10|7	1573
   9984	0|4|4|5|3|5|14	135
   9792	1|6|8|4|5|8|2	1927
   9641	1|4|3|5|0|9|13	981
   9612	1|4|3|4|2|9|13	972
   9512	1|4|4|4|0|10|13	1005
   9460	1|5|5|6|1|12|3	1608
   9372	0|5|3|4|0|10|13	469
   9348	1|5|3|4|0|9|13	1438
   9326	1|7|2|5|1|5|11	1981
   9320	0|4|1|5|4|10|11	17
   9291	0|5|4|5|1|6|13	500
   9216	1|8|1|5|0|7|9	2049
   9216	1|8|1|4|1|12|5	2043
   9216	1|7|2|4|2|12|5	1977
   9216	1|6|3|6|1|7|8	1800
   9216	1|5|7|6|6|7|1	1689
   9216	1|5|6|7|6|7|0	1666
   9192	1|8|2|4|0|5|12	2058
   9184	0|5|4|4|2|6|14	494
   9144	1|8|2|4|0|11|6	2064
   9120	1|7|3|5|0|8|8	2017
   9108	1|8|2|4|0|7|10	2060
   9096	0|5|1|4|1|12|12	411
   9084	0|7|1|4|1|6|14	790
   8992	0|5|1|4|0|13|12	410
   8908	1|4|1|4|1|13|12	885
   8880	1|7|4|4|0|10|7	2030
   8780	1|4|3|4|1|10|13	969
   8748	0|4|4|4|1|10|13	119
   8521	1|4|3|4|0|11|13	966
   8328	1|7|3|4|1|5|12	2003
   8240	0|5|1|4|2|11|12	412
   8220	0|4|4|4|2|9|13	122
   8192	1|5|5|7|0|10|4	1617
   8192	1|5|4|8|0|9|4	1552
   8192	1|5|4|8|0|8|5	1551
   8192	1|5|4|8|0|12|1	1555
   8192	1|5|4|8|0|10|3	1553
   8074	0|4|6|4|0|9|13	176
   8046	0|4|5|5|2|5|14	162
   7998	1|6|1|4|0|9|13	1718
   7940	1|4|1|4|2|12|12	886
   7920	0|4|1|8|0|12|7	40
   7876	1|5|2|4|1|9|13	1412
   7860	0|5|1|4|3|10|12	414
   7851	0|4|5|6|1|5|13	166
   7816	0|6|2|4|2|6|14	676
   7808	0|7|7|4|6|9|0	859
   7792	1|4|1|4|0|14|12	884
   7776	1|7|1|5|0|5|13	1951
   7692	0|6|3|5|0|6|13	695
   7608	1|5|5|7|0|8|6	1615
   7488	1|5|4|7|1|6|8	1539
   7488	0|4|1|8|1|11|7	42
   7272	1|6|4|5|1|10|6	1848
   7215	1|4|5|4|0|8|14	1041
   7200	1|5|6|4|2|10|7	1638
   7184	1|5|5|5|2|10|6	1595
   6912	1|8|1|5|0|6|10	2048
   6912	1|7|2|6|0|6|9	1993
   6912	1|6|3|7|0|6|8	1810
   6912	1|5|4|8|0|5|8	1548
   6912	0|4|2|8|0|10|8	81
   6824	1|6|8|4|6|7|2	1930
   6822	1|7|3|5|0|6|10	2015
   6822	0|6|2|5|1|6|13	682
   6656	1|5|4|7|1|8|6	1541
   6576	0|5|3|5|2|5|14	482
   6562	1|4|4|5|0|8|13	1018
   6344	1|5|5|6|1|8|7	1604
   6144	1|8|1|5|0|9|7	2051
   6144	1|8|1|5|0|8|8	2050
   6144	1|8|1|5|0|12|4	2054
   6144	1|8|1|5|0|10|6	2052
   6144	1|7|2|6|0|9|6	1996
   6144	1|7|2|6|0|12|3	1999
   6144	1|7|2|6|0|11|4	1998
   6144	1|7|2|6|0|10|5	1997
   6144	1|7|2|5|1|9|7	1985
   6144	1|7|2|5|1|13|3	1989
   6144	1|7|2|5|1|11|5	1987
   6144	1|6|6|6|5|8|0	1913
   6144	1|6|3|7|0|8|6	1812
   6144	1|6|3|7|0|10|4	1814
   6144	1|6|3|6|1|8|7	1801
   6144	1|6|3|6|1|12|3	1805
   6144	1|5|4|8|0|7|6	1550
   6144	0|6|8|5|6|6|2	781
   6144	0|6|7|6|6|7|0	780
   6144	0|4|6|5|1|13|6	212
   6120	0|4|5|4|1|9|13	152
   6090	1|7|3|5|0|12|4	2021
   6080	0|4|6|4|0|15|7	182
   6056	0|4|2|4|2|12|12	48
   5998	1|4|4|4|1|9|13	1008
   5996	0|4|2|5|5|7|12	62
   5952	1|6|7|5|5|7|2	1922
   5838	1|6|4|5|1|12|4	1850
   5808	0|4|3|5|4|6|13	99
   5760	1|7|2|5|1|7|9	1983
   5756	0|5|3|4|1|9|13	472
   5670	0|5|3|6|1|5|13	486
   5661	0|6|1|5|2|6|13	664
   5616	0|4|2|7|1|11|8	76
   5604	0|6|2|4|0|9|13	674
   5600	1|6|7|4|6|7|3	1918
   5568	1|6|7|5|5|8|1	1923
   5504	1|5|5|7|0|7|7	1614
   5484	0|5|4|6|0|5|13	503
   5472	0|6|8|5|6|7|1	782
   5432	0|4|1|7|4|6|11	36
   5406	1|7|3|4|1|13|4	2011
   5268	1|5|2|5|0|8|13	1422
   5220	1|7|3|4|1|7|10	2005
   5192	0|4|2|4|3|11|12	49
   5184	1|7|2|6|0|5|10	1992
   5184	0|7|2|4|0|6|14	801
   5184	0|7|1|5|0|6|13	796
   5120	1|6|4|4|2|10|7	1837
   5120	1|5|4|7|1|10|4	1543
   5096	1|4|3|5|1|8|13	984
   5048	0|4|4|5|0|9|13	130
   5008	1|5|1|4|2|9|13	1382
   4992	1|5|4|7|1|7|7	1540
   4668	1|4|2|4|0|12|13	928
   4608	1|7|2|6|0|7|8	1994
   4608	1|7|2|5|1|10|6	1986
   4608	1|6|3|7|0|7|7	1811
   4608	1|5|4|8|0|6|7	1549
   4584	1|8|2|4|0|10|7	2063
   4584	1|7|3|5|0|9|7	2018
   4584	1|6|4|6|0|8|7	1857
   4572	1|7|3|5|0|10|6	2019
   4356	0|5|4|5|1|5|14	499
   4352	1|4|4|4|0|9|14	1004
   4320	1|7|2|5|1|6|10	1982
   4140	0|6|3|4|1|6|14	689
   3996	0|5|1|6|3|6|12	432
   3966	0|5|4|4|0|9|13	492
   3952	1|6|6|6|6|7|0	1915
   3928	1|5|1|4|1|10|13	1380
   3920	1|6|7|4|6|5|5	1916
   3904	1|6|7|5|6|7|1	1925
   3840	1|7|2|5|1|8|8	1984
   3760	0|4|4|5|1|8|13	133
   3728	0|5|2|5|3|6|13	456
   3716	1|5|1|4|0|11|13	1378
   3664	0|7|8|4|5|7|2	863
   3654	1|4|3|4|2|8|14	971
   3648	0|5|3|5|0|8|13	480
   3636	1|6|1|4|0|8|14	1717
   3552	0|4|4|4|1|9|14	118
   3456	1|6|7|5|6|6|2	1924
   3456	0|6|2|6|0|5|13	685
   3444	1|5|2|4|0|9|14	1408
   3408	1|4|3|6|0|7|13	993
   3366	0|6|3|5|0|5|14	694
   3320	0|4|2|4|1|13|12	47
   3256	1|4|4|4|1|8|14	1007
   3200	0|4|2|4|4|10|12	51
   3184	0|6|1|4|0|10|13	654
   3144	0|4|3|4|1|11|13	85
   3124	0|4|2|6|4|6|12	70
   3104	0|4|1|6|0|12|11	21
   3072	1|8|1|4|1|10|7	2041
   3072	1|7|2|6|0|8|7	1995
   3072	1|6|6|6|5|7|1	1912
   3072	1|6|6|5|6|7|2	1909
   3072	1|6|5|7|5|7|0	1894
   3072	0|6|7|6|6|6|1	779
   3072	0|6|6|7|6|6|0	778
   3024	1|4|2|4|3|9|13	933
   3004	0|5|2|4|0|11|13	442
   2972	1|4|1|5|3|9|12	898
   2904	1|7|3|4|1|10|7	2008
   2892	1|7|3|4|1|11|6	2009
   2816	1|6|7|4|6|6|4	1917
   2700	0|6|2|5|1|5|14	681
   2592	0|7|1|5|0|5|14	795
   2584	0|4|7|4|1|13|7	276
   2572	0|4|1|6|2|10|11	24
   2540	1|5|2|4|1|8|14	1411
   2504	1|4|1|5|2|10|12	896
   2464	0|4|3|4|3|9|13	89
   2448	0|5|4|4|0|8|14	491
   2364	1|4|3|4|1|9|14	968
   2304	0|6|1|4|1|9|13	656
   2268	0|4|1|6|3|9|11	26
   2240	1|5|3|4|0|8|14	1437
   2220	0|4|5|4|1|8|14	151
   2214	0|4|1|6|1|11|11	22
   2112	1|4|3|4|0|10|14	965
   2112	1|4|2|4|2|10|13	931
   2112	0|4|4|4|2|8|14	121
   2064	0|4|5|4|0|9|14	148
   2048	1|6|5|7|6|6|0	1895
   2048	1|4|1|5|1|11|12	894
   2048	0|7|7|5|5|6|2	860
   2048	0|7|6|6|5|7|0	854
   2040	1|4|1|5|0|12|12	893
   2020	0|5|1|5|1|10|12	420
   1956	1|4|3|5|0|8|14	980
   1952	0|7|7|5|5|7|1	861
   1952	0|7|7|4|6|6|3	856
   1951	1|4|3|5|1|7|14	983
   1904	0|4|2|5|0|12|12	55
   1872	0|6|2|4|0|8|14	673
   1808	0|4|3|4|2|10|13	87
   1755	0|5|1|5|2|9|12	422
   1750	0|5|1|5|0|11|12	418
   1734	1|5|1|5|1|8|13	1390
   1656	1|5|1|5|0|9|13	1388
   1648	1|6|6|6|6|6|1	1914
   1640	0|5|2|4|1|10|13	444
   1588	1|4|3|6|1|5|14	995
   1536	1|7|2|4|2|10|7	1975
   1536	1|6|5|6|6|7|1	1892
   1536	1|6|4|7|6|7|0	1867
   1536	0|4|4|6|0|7|13	140
   1528	1|5|2|5|0|7|14	1421
   1512	1|4|1|6|0|10|12	904
   1512	0|5|2|4|2|9|13	446
   1492	0|4|1|8|3|5|11	43
   1456	0|4|6|4|0|8|14	175
   1440	1|6|6|5|6|6|3	1908
   1428	1|4|4|5|0|7|14	1017
   1428	0|5|3|4|1|8|14	471
   1344	0|5|3|4|0|9|14	468
   1336	1|4|2|4|1|11|13	929
   1312	0|4|4|5|0|8|14	129
   1252	1|4|1|6|1|9|12	906
   1248	0|5|3|5|0|7|14	479
   1222	1|4|1|6|2|8|12	908
   1152	1|4|3|7|0|5|13	1000
   1152	0|6|1|6|1|5|13	667
   1136	1|4|2|5|0|10|13	939
   1104	0|5|1|7|2|5|12	437
   1104	0|4|5|5|0|8|13	160
   1104	0|4|4|5|1|7|14	132
   1100	1|4|3|6|0|6|14	992
   1088	0|5|2|5|0|9|13	452
   1072	0|4|3|6|3|5|13	106
   1024	0|7|6|6|5|6|1	853
   1024	0|7|6|5|6|6|2	850
   1024	0|7|5|7|5|6|0	848
   1024	0|4|5|5|0|7|14	159
    976	0|7|7|4|6|5|4	855
    968	0|4|3|5|1|9|13	95
    952	1|6|6|5|6|5|4	1907
    880	1|4|2|5|2|8|13	943
    880	0|4|2|5|1|11|12	56
    864	1|4|4|6|0|5|14	1027
    832	0|4|2|5|3|9|12	60
    816	0|4|4|6|0|6|14	139
    804	0|4|2|7|3|5|12	77
    800	0|4|3|5|2|8|13	97
    788	0|6|1|5|0|8|13	662
    784	0|4|2|5|2|10|12	58
    768	1|6|5|6|6|6|2	1891
    768	0|5|2|6|2|5|13	461
    768	0|4|1|7|1|9|11	32
    720	1|4|2|5|1|9|13	941
    708	0|4|1|7|2|8|11	34
    576	1|5|1|7|0|5|13	1403
    568	0|5|1|6|0|9|12	428
    552	0|4|1|7|0|10|11	30
    528	0|5|1|6|1|8|12	430
    512	1|6|5|6|6|5|3	1890
    512	1|5|1|6|0|7|13	1397
    512	0|7|6|5|6|5|3	849
    512	0|7|5|6|6|6|1	846
    512	0|7|4|7|6|6|0	844
    468	1|5|2|6|0|5|14	1430
    464	0|4|3|6|0|8|13	102
    438	0|5|2|5|1|8|13	454
    396	1|4|1|7|0|8|12	914
    388	1|4|2|7|0|6|13	957
    384	1|6|4|7|6|6|1	1866
    384	1|6|3|8|6|6|0	1820
    384	1|4|1|8|1|5|12	924
    372	1|4|2|7|1|5|13	959
    336	0|4|2|6|1|9|12	66
    320	0|4|3|5|0|10|13	93
    256	1|6|4|7|6|5|2	1865
    256	1|6|3|8|6|5|1	1819
    256	1|4|2|6|0|8|13	949
    256	0|7|5|6|6|5|2	845
    256	0|4|1|8|0|8|11	39
    208	0|4|2|6|2|8|12	68
    204	0|4|2|6|0|10|12	64
    200	1|4|1|7|1|7|12	916
    200	0|4|3|7|0|6|13	109
    200	0|4|1|8|1|7|11	41
    192	1|4|1|8|0|6|12	922
    192	0|5|2|6|0|7|13	459
    168	1|4|2|6|1|7|13	951
    150	0|5|1|7|0|7|12	435
    128	0|7|4|7|6|5|1	843
    128	0|7|3|8|6|5|0	831
    128	0|4|2|8|0|6|12	80
    128	0|4|2|7|0|8|12	73
     80	0|4|2|7|1|7|12	75
     64	0|4|3|6|1|7|13	104
