9301274	None	0
2874477	0|6|1|4|5|9|9	661
2625922	1|6|8|6|5|6|0	1937
2595531	0|4|2|8|4|6|8	83
2447045	0|7|2|6|0|15|1	808
2277426	0|4|3|7|4|6|9	112
2137825	1|6|9|5|5|6|1	1943
1916626	0|6|1|5|4|8|9	666
1840611	0|4|2|7|5|7|8	79
1691699	0|6|1|6|3|7|9	669
1555394	0|5|1|5|6|9|8	427
1525737	0|5|1|6|5|8|8	434
1496054	0|4|3|6|5|7|9	108
1290829	0|5|1|7|4|7|8	439
1172165	0|7|1|4|3|8|10	794
1036935	0|4|3|5|6|8|9	101
 815616	0|4|2|6|6|8|8	72
 731519	0|5|2|6|4|7|9	463
 715402	0|7|4|4|0|9|9	836
 655990	0|5|1|4|5|12|8	417
 655951	0|4|6|7|1|15|0	258
 522068	0|5|2|5|5|8|9	458
 496879	0|7|1|5|2|7|10	798
 495963	0|5|8|4|0|7|11	643
 477009	0|4|6|7|1|7|8	250
 467898	0|4|1|8|5|7|7	45
 446469	0|4|1|7|6|8|7	38
 368389	1|6|10|4|5|6|2	1946
 350661	0|6|5|5|0|8|9	759
 344084	0|4|10|4|0|7|11	401
 338510	0|5|2|4|6|9|9	451
 329535	0|6|1|7|2|6|9	671
 329289	0|6|1|7|0|8|9	670
 301553	0|5|1|8|3|6|8	441
 294809	0|8|2|4|0|10|8	878
 294809	0|7|3|5|0|9|8	824
 292818	1|4|4|6|4|15|0	1032
 285067	0|6|6|4|0|9|9	771
 284785	0|5|2|7|3|6|9	465
 260981	0|6|3|7|0|15|0	701
 260142	0|5|6|6|0|7|9	610
 251819	0|5|1|5|4|11|8	425
 242399	0|6|6|4|0|8|10	770
 239706	0|5|8|4|0|5|13	641
 238433	1|4|8|6|0|15|0	1351
 225496	0|5|1|6|3|10|8	433
 223023	0|4|10|4|0|9|9	403
 215734	1|4|4|5|5|15|1	1026
 210790	0|4|7|4|3|5|13	279
 209626	0|4|6|7|1|6|9	249
 206399	0|7|3|4|1|10|8	814
 199710	1|4|9|4|1|6|11	1353
 192070	0|4|5|7|2|14|1	171
 188764	0|5|4|6|2|15|1	506
 185471	0|6|4|6|0|8|8	737
 185154	0|4|7|4|3|7|11	281
 176236	0|4|3|8|3|5|9	114
 172580	0|4|6|4|4|5|13	193
 165752	0|6|3|7|0|14|1	700
 162820	1|4|7|7|0|14|0	1312
 162520	0|8|1|4|1|7|11	871
 161978	0|6|6|4|0|7|11	769
 158111	1|5|1|7|4|5|9	1406
 157437	0|4|8|5|1|6|11	356
 156325	0|4|9|5|0|6|11	389
 153896	0|4|7|4|3|6|12	280
 151277	0|4|5|6|3|15|1	169
 148657	0|4|9|4|1|7|11	379
 148291	0|6|6|4|0|15|3	777
 146867	1|4|9|4|1|8|9	1355
 145222	0|4|6|5|3|6|11	216
 142710	0|5|5|7|0|7|8	567
 142641	0|5|7|5|0|7|10	632
 142607	1|5|1|5|6|7|9	1396
 141998	0|8|2|4|0|7|11	875
 140822	0|8|2|4|0|9|9	877
 136904	0|5|4|7|1|14|1	507
 126165	0|6|5|4|1|9|9	749
 125026	0|5|1|8|1|8|8	440
 124975	1|5|6|6|0|15|0	1665
 124793	0|4|2|4|6|12|8	54
 124047	0|4|4|4|6|5|13	127
 123099	0|4|8|4|2|7|11	346
 121904	0|8|2|4|0|5|13	873
 119160	0|4|6|4|4|7|11	195
 118280	1|4|10|4|0|14|3	1373
 118234	0|6|3|6|1|15|1	699
 116104	0|4|6|4|4|9|9	197
 113131	0|7|3|4|1|5|13	809
 110514	0|7|3|5|0|8|9	823
 110506	1|4|2|6|6|6|9	956
 107289	0|4|6|4|4|15|3	203
 105756	0|4|7|4|3|9|9	283
 105210	0|7|4|4|0|8|10	835
 104099	0|4|10|4|0|5|13	399
 101771	0|4|10|4|0|15|3	409
 101636	0|6|5|5|0|15|2	766
 101343	0|4|7|4|3|8|10	282
  99154	0|6|1|5|2|10|9	665
  98338	0|8|2|4|0|12|6	880
  97812	0|7|4|4|0|7|11	834
  97741	0|7|4|4|0|5|13	832
  96987	1|5|1|6|5|6|9	1402
  94060	0|4|7|6|1|7|9	314
  93876	0|6|6|4|0|5|13	767
  92027	0|8|2|4|0|15|3	883
  91622	0|8|2|4|0|13|5	881
  90132	1|5|8|4|0|6|11	1692
  89611	0|4|8|4|2|5|13	344
  89114	0|4|9|4|1|6|12	378
  87925	0|5|2|5|0|13|9	453
  86450	0|5|1|7|2|9|8	438
  86433	0|7|1|4|3|5|13	793
  86105	0|5|2|8|0|7|9	466
  86006	0|4|8|4|2|15|3	354
  85886	0|6|4|4|2|5|13	712
  85776	0|4|3|6|0|12|9	103
  85688	0|4|10|4|0|8|10	402
  84957	0|7|3|4|1|9|9	813
  84609	0|4|6|5|3|9|8	219
  84556	0|4|6|4|4|10|8	198
  84362	0|6|1|4|3|11|9	659
  84096	1|5|7|5|0|14|2	1687
  83807	0|4|9|4|1|15|3	387
  83136	0|4|7|5|2|6|11	302
  82815	0|6|4|4|2|10|8	717
  82108	1|4|5|6|3|15|0	1133
  79854	0|4|5|7|2|15|0	172
  79533	0|5|8|4|0|15|3	651
  77350	1|4|10|4|0|7|10	1371
  76195	0|4|10|4|0|6|12	400
  74869	1|4|10|4|0|11|6	1372
  74087	0|5|7|5|0|8|9	633
  73414	1|4|1|8|5|5|8	927
  73345	1|4|1|5|1|15|8	895
  73178	0|4|2|7|0|12|8	74
  73075	0|7|3|4|1|7|11	811
  73046	1|4|1|7|6|6|8	921
  72851	1|4|8|5|1|5|11	1335
  72343	1|4|9|5|0|14|2	1367
  72343	0|7|3|5|0|12|5	827
  72003	0|7|1|6|1|6|10	799
  71616	0|5|1|6|0|13|8	429
  68038	1|4|1|4|4|14|8	890
  67491	0|6|4|4|2|7|11	714
  67291	0|4|1|7|4|10|7	37
  67051	0|6|4|5|1|9|8	727
  66915	1|4|10|4|0|6|11	1370
  66465	0|4|8|4|2|8|10	347
  65531	0|6|1|6|1|9|9	668
  63913	0|4|2|6|4|10|8	71
  63910	0|6|4|4|2|9|9	716
  63611	1|4|4|6|4|14|1	1031
  61886	0|4|10|4|0|14|4	408
  60518	0|4|8|6|0|15|1	376
  60473	0|6|4|5|1|8|9	726
  60271	0|5|5|7|0|10|5	570
  59721	0|4|9|4|1|5|13	377
  59468	1|4|6|4|4|15|2	1194
  58979	0|4|7|6|1|6|10	313
  57993	1|4|6|5|3|15|1	1216
  57217	0|5|7|5|0|15|2	640
  56910	0|8|2|4|0|14|4	882
  56499	0|5|8|4|0|9|9	645
  55312	0|7|3|5|0|6|11	821
  54827	0|6|5|5|0|7|10	758
  54771	0|4|7|5|2|8|9	304
  54534	0|4|6|5|3|12|5	222
  54340	0|4|8|5|1|15|2	365
  54326	1|6|2|6|2|15|0	1749
  54179	0|6|4|6|0|7|9	736
  53878	0|4|3|5|4|10|9	100
  52334	0|5|1|5|0|15|8	419
  52326	0|5|8|4|0|10|8	646
  51764	1|4|9|5|0|11|5	1366
  51634	0|4|8|6|0|7|9	368
  51531	0|7|3|4|1|14|4	818
  51130	0|5|8|4|0|8|10	644
  50994	1|4|9|5|0|15|1	1368
  50984	1|4|9|4|1|7|10	1354
  50568	0|4|6|5|3|8|9	218
  49993	0|5|5|7|0|15|0	575
  48680	0|4|9|5|0|9|8	392
  48592	0|4|7|4|3|15|3	289
  48358	0|4|6|8|0|9|5	263
  48342	0|4|9|5|0|7|10	390
  47944	0|4|9|5|0|15|2	398
  47654	0|4|6|4|4|12|6	200
  47166	1|5|6|4|0|5|14	1622
  46949	0|4|5|4|5|5|13	157
  46916	1|5|9|6|6|6|0	1711
  45760	0|5|8|4|0|6|12	642
  45651	0|4|6|4|4|8|10	196
  45340	0|4|10|4|0|10|8	404
  44975	0|4|9|5|0|5|12	388
  44412	0|4|9|5|0|12|5	395
  44385	0|5|6|6|0|10|6	613
  43970	1|4|9|4|1|5|12	1352
  43517	0|5|1|4|2|15|8	413
  43232	1|4|5|8|1|8|5	1158
  43167	1|6|4|5|1|7|9	1845
  42958	0|6|4|6|0|12|4	741
  42771	0|4|9|4|1|10|8	382
  42676	0|4|9|5|0|8|9	391
  42277	0|7|1|4|1|10|10	792
  42222	1|4|7|6|1|6|9	1298
  42072	0|4|9|5|0|14|3	397
  41908	1|5|3|6|3|15|0	1456
  41397	0|4|3|4|5|11|9	92
  41136	0|5|5|6|1|7|9	556
  40643	1|4|7|4|3|15|2	1274
  40327	0|4|8|6|0|6|10	367
  40183	1|4|8|6|0|14|1	1350
  39931	0|6|6|4|0|6|12	768
  39693	0|5|7|5|0|6|11	631
  39479	0|4|6|6|2|8|8	240
  39415	0|4|8|4|2|6|12	345
  39246	1|4|9|5|0|5|11	1363
  39045	0|7|4|4|0|10|8	837
  38941	0|6|1|8|1|5|9	672
  38538	0|6|5|5|0|6|11	757
  38124	1|6|6|4|0|6|11	1897
  37862	0|5|7|5|0|9|8	634
  37701	1|4|9|4|1|14|3	1361
  37566	1|4|7|4|3|6|11	1265
  37566	0|4|6|6|2|5|11	237
  37496	0|4|8|4|2|9|9	348
  37438	0|4|7|7|0|6|9	324
  37289	0|6|5|4|1|5|13	745
  37049	0|5|2|7|1|8|9	464
  36975	0|7|3|5|0|10|7	825
  36595	1|4|2|7|5|5|9	962
  36049	1|5|8|4|0|15|2	1701
  36038	1|4|5|4|5|8|9	1072
  35884	0|5|4|7|1|15|0	508
  35709	0|5|5|4|3|15|3	531
  35338	0|4|8|5|1|7|10	357
  34724	0|4|7|7|0|15|0	333
  34609	0|4|9|4|1|9|9	381
  34043	0|5|7|5|0|5|12	630
  34038	0|8|1|4|1|5|13	870
  34035	0|5|5|5|2|8|9	546
  33833	0|5|5|4|3|7|11	523
  33433	1|4|5|4|5|9|8	1073
  33258	0|4|7|5|2|15|2	311
  32691	0|5|2|5|3|10|9	457
  32307	1|5|10|5|6|6|1	1716
  32280	0|7|4|4|0|6|12	833
  31881	0|8|2|4|0|11|7	879
  31570	0|4|8|4|2|10|8	349
  31388	1|4|5|4|5|14|3	1078
  31380	0|6|2|4|4|5|13	679
  31086	0|7|3|4|1|15|3	819
  31056	1|4|8|4|2|6|11	1325
  30912	0|4|8|6|0|5|11	366
  30837	0|4|1|5|6|12|7	20
  30821	0|4|10|4|0|12|6	406
  30727	0|5|5|4|3|9|9	525
  30663	1|5|3|7|2|14|0	1460
  30585	1|5|5|5|2|9|7	1594
  29284	0|5|5|4|3|5|13	521
  29273	1|4|8|5|1|6|10	1336
  29107	0|6|5|5|0|9|8	760
  28630	1|5|5|6|1|6|9	1602
  28599	0|4|6|4|4|14|4	202
  28560	1|4|5|4|5|6|11	1070
  28333	1|4|10|4|0|15|2	1374
  28329	0|7|1|5|0|9|10	797
  28261	1|5|6|6|0|14|1	1664
  28231	1|4|6|4|4|8|9	1187
  28012	0|5|6|6|0|15|1	618
  27992	0|6|4|4|2|15|3	722
  27755	1|6|1|4|5|7|10	1726
  27621	0|6|4|6|0|5|11	734
  27521	0|5|3|4|5|5|13	477
  27402	1|6|5|4|1|7|10	1870
  27349	1|6|1|6|3|5|10	1734
  27252	0|4|9|4|1|14|4	386
  27193	0|5|6|6|0|5|11	608
  27122	0|7|4|4|0|15|3	842
  27026	0|7|4|4|0|12|6	839
  26987	0|7|4|4|0|14|4	841
  26783	1|5|5|6|1|9|6	1605
  26656	0|4|9|4|1|13|5	385
  26636	1|5|4|5|1|5|13	1494
  26609	0|4|6|6|2|7|9	239
  26414	0|4|8|6|0|8|8	369
  26378	0|4|7|4|3|12|6	286
  26289	0|4|8|5|1|14|3	364
  26212	0|5|2|4|4|11|9	449
  26169	1|4|9|4|1|13|4	1360
  26038	0|7|3|5|0|13|4	828
  25919	1|4|6|7|1|5|9	1239
  25886	0|5|5|4|3|10|8	526
  25577	1|4|1|6|0|14|8	905
  25324	0|4|6|8|0|14|0	268
  25212	0|7|4|4|0|13|5	840
  25141	0|4|2|5|5|11|8	63
  25033	1|4|5|5|4|11|5	1107
  25009	1|6|1|5|2|5|13	1730
  24894	0|7|1|7|0|5|10	800
  24305	0|5|8|4|0|13|5	649
  24257	1|6|3|5|0|5|13	1776
  24173	0|4|9|4|1|8|10	380
  24097	1|5|7|4|1|14|3	1676
  24087	1|4|8|5|1|11|5	1341
  24073	0|6|6|4|0|10|8	772
  23959	1|5|5|7|0|7|7	1614
  23918	1|4|7|4|3|14|3	1273
  23903	0|4|8|4|2|14|4	353
  23881	0|5|7|4|1|7|11	621
  23518	0|5|5|6|1|8|8	557
  23366	0|5|7|4|1|15|3	629
  23245	0|5|2|8|2|5|9	467
  23039	0|4|7|5|2|7|10	303
  23021	0|5|6|4|2|9|9	590
  22885	0|4|7|6|1|15|1	322
  22850	0|4|6|5|3|14|3	224
  22200	0|4|6|5|3|7|10	217
  22175	1|5|3|5|4|15|1	1453
  22158	0|4|8|5|1|5|12	355
  22053	1|6|4|4|0|5|14	1821
  21908	0|6|1|4|1|13|9	657
  21820	1|4|8|5|1|14|2	1344
  21755	1|4|7|6|1|5|10	1297
  21712	0|6|5|4|1|6|12	746
  21690	0|4|6|4|4|13|5	201
  21639	1|6|5|5|0|15|1	1889
  21470	1|4|5|5|4|5|11	1101
  21388	0|4|7|4|3|13|5	287
  21345	1|5|1|4|0|15|9	1379
  21106	0|6|6|4|0|14|4	776
  21091	1|4|1|4|3|15|8	888
  21014	1|4|8|5|1|8|8	1338
  20999	0|4|10|4|0|13|5	407
  20926	0|5|6|4|2|5|13	586
  20891	0|5|5|7|0|6|9	566
  20834	1|6|2|5|3|15|1	1746
  20799	0|5|4|8|0|14|0	510
  20796	0|4|7|4|3|10|8	284
  20622	0|4|6|8|0|6|8	260
  20507	0|6|1|4|0|14|9	655
  20315	0|4|2|6|0|14|8	65
  20248	0|4|1|8|3|9|7	44
  20008	0|4|8|5|1|12|5	362
  19936	1|5|7|5|0|5|11	1678
  19771	1|4|7|4|3|7|10	1266
  19737	1|4|5|4|5|7|10	1071
  19737	0|5|5|5|2|6|11	544
  19735	0|4|8|6|0|14|2	375
  19696	1|4|10|4|0|5|12	1369
  19682	0|4|7|5|2|12|5	308
  19623	1|7|2|4|0|5|14	1959
  19563	0|8|2|4|0|8|10	876
  19515	1|7|1|4|1|5|14	1947
  19494	1|4|8|4|2|9|8	1328
  19459	0|5|6|5|1|8|9	600
  19435	0|4|5|8|1|14|0	174
  19375	1|6|5|4|1|8|9	1871
  19243	1|6|3|6|1|11|4	1804
  19196	0|4|7|4|3|14|4	288
  19020	1|4|5|4|5|11|6	1075
  18982	0|4|8|5|1|9|8	359
  18901	1|5|4|6|2|15|0	1537
  18782	0|4|2|5|2|14|8	59
  18776	0|4|8|5|1|10|7	360
  18658	1|4|5|5|4|7|9	1103
  18608	1|7|1|5|2|5|11	1953
  18542	0|4|7|5|2|14|3	310
  18448	0|6|5|4|1|7|11	747
  18347	0|5|1|6|1|12|8	431
  18162	1|5|7|5|0|15|1	1688
  18162	0|4|7|5|2|5|12	301
  18047	0|5|5|5|2|9|8	547
  18007	1|4|8|5|1|13|3	1343
  17984	1|4|2|4|1|15|9	930
  17966	1|6|6|4|0|14|3	1905
  17941	1|4|4|7|3|14|0	1036
  17817	0|6|4|5|1|6|11	724
  17779	0|5|5|6|1|12|4	561
  17675	0|6|4|6|0|11|5	740
  17646	0|4|2|4|3|15|8	50
  17615	1|5|4|7|1|14|0	1547
  17550	0|6|4|6|0|9|7	738
  17450	0|4|3|6|3|9|9	107
  17382	0|4|1|6|5|11|7	29
  17343	0|5|7|5|0|14|3	639
  17236	0|4|8|4|2|13|5	352
  17201	1|6|1|5|4|6|10	1732
  17177	0|5|6|4|2|15|3	596
  17132	0|4|8|5|1|8|9	358
  16889	1|4|7|5|2|15|1	1296
  16812	1|6|5|4|1|6|11	1869
  16782	1|4|6|6|2|15|0	1238
  16758	0|5|7|4|1|8|10	622
  16690	0|4|1|6|1|15|7	23
  16518	1|5|7|4|1|9|8	1671
  16449	0|5|7|4|1|6|12	620
  16447	0|4|6|6|2|6|10	238
  16434	1|5|1|5|0|13|9	1389
  16415	0|4|7|6|1|5|11	312
  16206	0|5|7|4|1|5|13	619
  16168	1|6|5|5|0|5|11	1879
  16154	1|4|6|7|1|14|0	1248
  16151	1|5|1|4|2|13|9	1383
  16142	0|5|2|4|0|15|9	443
  16036	0|5|5|5|2|12|5	550
  16007	1|4|5|5|4|8|8	1104
  15942	1|4|8|4|2|5|12	1324
  15899	1|4|7|5|2|5|11	1286
  15722	0|5|6|4|0|7|13	577
  15704	1|4|6|4|4|14|3	1193
  15701	0|5|1|4|3|14|8	415
  15586	0|5|6|4|2|7|11	588
  15573	0|7|3|5|0|7|10	822
  15453	0|4|8|4|2|12|6	351
  15384	0|4|3|4|2|14|9	88
  15340	1|5|7|5|0|7|9	1680
  15303	0|4|6|7|1|10|5	253
  15177	1|4|9|4|1|11|6	1358
  15124	0|4|7|4|1|7|13	270
  14889	1|5|7|4|1|6|11	1668
  14760	1|4|9|5|0|7|9	1365
  14721	1|5|8|4|0|8|9	1694
  14684	0|4|1|7|0|14|7	31
  14562	1|4|4|7|3|13|1	1035
  14519	0|5|6|5|1|14|3	606
  14478	0|5|5|4|3|12|6	528
  14378	1|4|9|4|1|9|8	1356
  14234	0|7|3|4|1|8|10	812
  14204	1|4|6|4|4|11|6	1190
  14170	1|4|6|4|4|6|11	1185
  14162	0|5|2|6|2|9|9	462
  14153	0|6|5|4|1|8|10	748
  14121	1|5|6|5|1|14|2	1653
  14034	0|4|3|5|0|14|9	94
  13898	1|6|5|5|0|7|9	1881
  13864	1|4|2|5|0|14|9	940
  13839	0|6|5|5|0|5|12	756
  13610	1|4|8|4|0|5|14	1313
  13601	0|4|7|5|2|13|4	309
  13562	1|4|6|5|3|7|9	1208
  13487	1|4|8|4|2|14|3	1333
  13391	0|4|6|6|2|11|5	243
  13234	0|5|8|4|0|14|4	650
  13189	0|4|6|5|3|10|7	220
  13159	0|4|5|8|1|13|1	173
  13151	0|6|4|4|2|13|5	720
  13067	1|5|4|4|4|6|11	1484
  13021	1|5|3|6|3|14|1	1455
  13007	0|6|1|4|5|5|13	660
  12956	0|5|7|5|0|10|7	635
  12926	1|4|10|6|5|8|0	1376
  12887	1|6|3|6|1|7|8	1800
  12786	0|5|1|5|2|13|8	423
  12743	1|4|5|8|1|5|8	1155
  12658	1|5|8|4|0|14|3	1700
  12619	1|4|7|4|3|5|12	1264
  12592	1|4|8|5|1|7|9	1337
  12396	1|5|6|4|2|15|2	1643
  12313	0|6|5|5|0|14|3	765
  12304	0|6|5|4|1|15|3	755
  12116	1|6|6|4|0|5|12	1896
  12073	1|6|2|4|2|5|14	1739
  12017	0|4|3|4|1|15|9	86
  11953	1|6|4|6|0|6|9	1855
  11895	0|5|6|4|2|12|6	593
  11849	1|5|6|6|0|6|9	1656
  11835	0|4|7|7|0|14|1	332
  11776	0|5|6|4|2|10|8	591
  11683	0|6|4|4|2|12|6	719
  11661	0|5|5|7|0|11|4	571
  11607	0|7|2|4|2|5|13	804
  11582	0|6|4|5|1|12|5	730
  11570	0|5|7|4|1|10|8	624
  11550	0|4|9|4|1|12|6	384
  11501	1|6|4|4|2|8|9	1835
  11401	0|5|6|5|1|15|2	607
  11386	0|5|7|4|1|14|4	628
  11379	0|5|2|4|1|14|9	445
  11328	1|4|6|4|4|5|12	1184
  11315	1|5|5|4|3|8|9	1571
  11311	1|4|6|4|4|7|10	1186
  11181	0|5|6|5|1|6|11	598
  11077	0|4|10|4|0|11|7	405
  11068	1|4|3|5|4|5|13	989
  11067	1|4|8|4|2|15|2	1334
  11052	0|5|1|5|1|14|8	421
  10920	1|6|5|5|0|6|10	1880
  10897	0|5|7|5|0|12|5	637
  10815	0|4|1|7|2|12|7	35
  10741	1|5|8|4|0|13|4	1699
  10711	0|5|4|4|4|5|13	497
  10692	1|4|6|5|3|14|2	1215
  10683	0|6|4|4|2|8|10	715
  10673	1|4|1|6|1|13|8	907
  10563	1|4|8|4|2|13|4	1332
  10562	1|4|6|5|3|5|11	1206
  10443	1|7|1|6|1|14|1	1955
  10401	1|4|7|5|2|9|7	1290
  10331	0|4|7|6|1|10|6	317
  10176	0|4|7|5|2|10|7	306
   9990	0|4|7|6|1|8|8	315
   9976	0|4|7|6|1|14|2	321
   9832	0|6|3|4|3|5|13	692
   9773	0|4|6|6|2|12|4	244
   9768	0|6|6|4|0|13|5	775
   9743	1|4|5|4|5|13|4	1077
   9681	0|5|6|6|0|6|10	609
   9567	0|4|7|7|0|5|10	323
   9506	1|4|7|6|1|14|1	1306
   9504	1|4|7|5|2|6|10	1287
   9450	1|4|7|5|2|13|3	1294
   9418	1|4|4|8|2|13|0	1040
   9412	1|5|7|4|1|8|9	1670
   9407	0|4|6|5|3|13|4	223
   9363	0|4|8|6|0|9|7	370
   9336	0|5|6|4|2|13|5	594
   9252	1|5|4|5|3|5|11	1505
   9226	1|8|1|5|0|14|2	2056
   9225	1|5|1|4|1|14|9	1381
   9225	0|6|5|5|0|12|5	763
   9205	0|4|6|8|0|5|9	259
   9124	1|5|5|4|3|9|8	1572
   9094	0|4|7|6|1|12|4	319
   9076	1|6|2|7|1|14|0	1751
   9063	0|6|4|4|2|14|4	721
   8917	1|5|8|4|0|7|10	1693
   8896	1|4|7|4|3|9|8	1268
   8883	1|6|6|4|0|15|2	1906
   8883	0|6|6|4|0|11|7	773
   8881	0|5|6|4|2|14|4	595
   8840	1|6|3|5|2|8|8	1790
   8830	1|5|6|4|2|7|10	1635
   8735	1|4|2|6|0|12|9	950
   8716	1|5|8|4|0|12|5	1698
   8694	1|4|8|4|2|12|5	1331
   8661	0|4|9|5|0|10|7	393
   8659	1|4|5|7|2|9|5	1149
   8646	0|5|6|6|0|14|2	617
   8634	1|6|3|4|3|6|11	1766
   8575	0|5|4|8|0|13|1	509
   8456	1|4|5|8|1|13|0	1163
   8402	0|4|3|5|1|13|9	96
   8354	0|4|2|7|3|9|8	78
   8285	1|4|5|7|2|14|0	1154
   8234	1|4|8|6|0|11|4	1349
   8184	0|5|7|4|1|9|9	623
   8170	1|4|7|4|3|13|4	1272
   8156	0|6|4|6|0|6|10	735
   8129	1|5|4|4|4|8|9	1486
   8096	0|5|6|5|1|12|5	604
   8090	0|5|7|4|1|13|5	627
   8082	0|7|3|4|1|12|6	816
   8032	0|4|1|5|3|15|7	16
   8020	1|7|4|4|0|7|10	2027
   8003	1|6|5|5|0|14|2	1888
   7982	0|6|5|4|1|14|4	754
   7942	1|5|6|4|2|6|11	1634
   7941	1|5|4|4|4|9|8	1487
   7941	0|5|6|6|0|8|8	611
   7917	0|4|2|6|2|12|8	69
   7912	1|4|8|6|0|7|8	1348
   7873	1|4|5|5|4|13|3	1109
   7842	1|5|6|6|0|7|8	1657
   7825	1|6|1|4|3|5|14	1723
   7805	0|5|6|4|2|8|10	589
   7803	1|5|2|5|3|5|13	1427
   7801	1|4|5|4|5|12|5	1076
   7785	1|6|2|7|1|13|1	1750
   7757	1|4|7|7|0|11|3	1311
   7750	0|6|1|5|0|12|9	663
   7729	1|4|6|5|1|5|13	1195
   7682	0|4|7|7|0|7|8	325
   7659	0|5|6|4|2|6|12	587
   7596	0|5|5|5|2|14|3	552
   7554	1|4|7|5|2|11|5	1292
   7540	0|4|8|6|0|10|6	371
   7536	1|4|2|4|2|14|9	932
   7500	1|4|8|4|2|8|9	1327
   7453	1|4|1|5|2|14|8	897
   7423	0|4|8|6|0|11|5	372
   7347	1|5|4|7|1|5|9	1538
   7339	0|5|5|4|3|8|10	524
   7325	1|4|5|6|3|10|5	1128
   7287	1|5|5|4|1|5|14	1557
   7268	0|4|6|8|0|12|2	266
   7237	1|4|7|4|3|11|6	1270
   7224	1|6|6|4|0|8|9	1899
   7213	0|4|6|4|4|11|7	199
   7202	1|4|6|4|4|13|4	1192
   7185	0|5|8|4|0|12|6	648
   7181	0|5|6|5|1|7|10	599
   7144	1|4|7|4|3|8|9	1267
   7109	1|5|3|7|2|13|1	1459
   7063	0|7|3|5|0|14|3	829
   7041	1|5|6|5|1|5|11	1644
   7032	1|4|10|6|6|7|0	1377
   6995	0|5|5|4|3|13|5	529
   6992	1|4|4|8|2|12|1	1039
   6984	1|5|5|7|0|5|9	1612
   6963	1|6|2|6|2|14|1	1748
   6933	1|4|5|7|2|5|9	1145
   6915	1|5|7|5|0|11|5	1684
   6907	0|4|8|6|0|12|4	373
   6896	1|7|1|7|0|13|1	1957
   6892	1|5|8|4|0|5|12	1691
   6892	0|5|5|7|0|8|7	568
   6868	0|5|5|6|1|5|11	554
   6839	0|5|1|5|6|5|12	426
   6834	1|4|6|5|3|13|3	1214
   6801	0|5|10|6|5|7|0	653
   6791	1|5|4|5|3|7|9	1507
   6781	1|4|7|5|2|14|2	1295
   6756	0|6|6|4|0|12|6	774
   6737	0|4|8|6|0|13|3	374
   6735	1|5|7|4|1|5|12	1667
   6723	0|4|3|4|3|13|9	90
   6671	1|5|1|5|1|12|9	1391
   6612	0|4|7|7|0|10|5	328
   6592	0|4|2|4|4|14|8	52
   6584	1|4|7|6|1|13|2	1305
   6576	0|7|3|5|0|11|6	826
   6553	1|5|7|5|0|8|8	1681
   6548	0|4|1|6|0|12|11	21
   6544	1|5|8|4|0|11|6	1697
   6510	1|5|5|4|3|14|3	1577
   6510	1|4|1|5|3|13|8	899
   6484	1|6|3|6|1|6|9	1799
   6449	0|4|1|4|1|14|12	1
   6392	0|4|1|4|1|15|11	2
   6368	0|4|3|7|2|8|9	111
   6320	1|6|6|4|0|12|5	1903
   6311	1|5|5|4|3|11|6	1574
   6289	1|4|9|5|0|6|10	1364
   6281	1|4|6|4|4|9|8	1188
   6281	0|6|5|5|0|13|4	764
   6277	1|4|6|6|2|6|9	1229
   6265	1|7|4|4|0|6|11	2026
   6252	1|6|4|6|0|15|0	1864
   6221	1|4|6|8|0|11|2	1252
   6207	1|6|4|5|1|5|11	1843
   6150	1|5|6|5|1|8|8	1647
   6124	0|4|6|6|2|10|6	242
   6111	1|4|5|8|1|11|2	1161
   6104	0|5|5|6|1|11|5	560
   6100	1|6|3|4|3|8|9	1768
   6060	1|5|6|5|1|15|1	1654
   6060	0|5|6|5|1|13|4	605
   6034	1|4|6|4|4|12|5	1191
   5988	0|5|5|5|2|13|4	551
   5980	1|5|5|5|2|13|3	1598
   5961	1|4|6|6|2|9|6	1232
   5876	1|8|1|5|0|15|1	2057
   5876	1|7|1|6|1|15|0	1956
   5845	1|4|9|4|1|10|7	1357
   5836	1|5|4|4|4|14|3	1492
   5836	0|4|8|4|0|7|13	335
   5816	1|4|5|6|3|6|9	1124
   5778	1|6|6|4|0|9|8	1900
   5752	1|4|5|5|2|5|13	1090
   5734	1|4|6|5|3|11|5	1212
   5720	0|4|6|5|1|14|5	213
   5710	0|6|4|6|0|10|6	739
   5706	1|7|4|4|0|11|6	2031
   5703	0|4|3|5|2|12|9	98
   5680	1|5|6|6|0|5|10	1655
   5633	0|4|8|5|1|13|4	363
   5620	1|5|4|6|2|7|8	1529
   5595	0|5|1|7|0|11|8	436
   5533	1|6|6|4|0|7|10	1898
   5526	1|6|5|4|1|5|12	1868
   5523	1|4|8|6|0|6|9	1347
   5519	1|6|3|5|2|5|11	1787
   5512	1|6|4|4|2|15|2	1842
   5465	0|4|8|4|0|12|8	340
   5425	0|4|7|5|2|9|8	305
   5418	0|4|6|5|3|11|6	221
   5403	0|4|9|5|0|13|4	396
   5388	1|5|5|7|0|14|0	1621
   5359	1|4|7|4|3|12|5	1271
   5331	1|4|7|6|1|7|8	1299
   5317	1|5|5|4|3|15|2	1578
   5297	1|6|3|4|3|9|8	1769
   5285	1|5|6|5|1|6|10	1645
   5278	1|5|5|4|3|6|11	1569
   5258	0|5|5|4|3|14|4	530
   5232	0|6|4|4|0|12|8	708
   5219	1|5|4|6|2|6|9	1528
   5190	1|4|7|4|1|5|14	1253
   5151	0|5|6|6|0|9|7	612
   5120	1|5|6|5|1|13|3	1652
   5061	1|5|6|5|1|7|9	1646
   5055	0|4|7|5|0|6|13	291
   5041	1|7|1|4|3|6|11	1950
   5037	1|5|6|4|2|14|3	1642
   5035	0|6|5|4|1|10|8	750
   5031	1|4|5|5|4|9|7	1105
   5026	1|6|4|4|2|6|11	1833
   4987	0|5|5|7|0|9|6	569
   4976	1|5|6|4|2|12|5	1640
   4890	1|6|4|5|1|8|8	1846
   4890	1|5|5|5|2|7|9	1592
   4869	0|5|8|4|0|11|7	647
   4810	0|4|6|6|2|13|3	245
   4794	1|5|5|5|0|5|13	1579
   4791	0|4|1|6|2|14|7	25
   4741	0|5|6|4|0|11|9	581
   4739	1|4|5|5|4|6|10	1102
   4713	1|7|1|5|2|15|1	1954
   4713	0|4|7|5|0|8|11	293
   4689	0|4|7|5|2|11|6	307
   4680	1|4|5|6|3|7|8	1125
   4640	1|5|5|6|1|5|10	1601
   4629	0|6|4|5|1|13|4	731
   4620	1|5|7|5|0|13|3	1686
   4591	1|4|2|5|1|13|9	942
   4583	0|6|4|4|0|7|13	703
   4559	1|4|6|5|3|6|10	1207
   4558	1|7|2|5|1|5|11	1981
   4495	0|4|7|7|0|12|3	330
   4453	0|5|7|5|0|13|4	638
   4445	0|4|6|7|1|12|3	255
   4442	0|4|9|5|0|11|6	394
   4410	1|4|7|6|1|8|7	1300
   4396	1|5|5|4|3|7|10	1570
   4382	1|5|6|4|2|13|4	1641
   4372	1|6|5|4|1|9|8	1872
   4349	0|4|7|4|1|11|9	274
   4348	1|5|4|4|4|11|6	1489
   4344	0|4|8|4|2|11|7	350
   4339	1|6|4|4|2|14|3	1841
   4303	1|5|3|4|3|5|14	1443
   4302	1|7|4|4|0|13|4	2033
   4300	1|7|2|6|0|15|0	2002
   4297	1|5|8|4|0|9|8	1695
   4283	0|4|2|5|1|15|8	57
   4233	1|6|3|7|0|14|0	1818
   4233	1|5|6|4|2|5|12	1633
   4229	1|6|4|5|1|6|10	1844
   4223	0|4|2|8|2|8|8	82
   4200	0|5|7|5|0|11|6	636
   4189	1|5|5|5|2|6|10	1591
   4179	0|4|6|8|0|7|7	261
   4168	0|4|7|7|0|8|7	326
   4149	0|4|6|8|0|8|6	262
   4149	0|4|1|4|2|13|12	3
   4127	1|4|6|7|1|13|1	1247
   4117	0|4|7|6|1|11|5	318
   4114	0|4|7|7|0|13|2	331
   4057	1|4|8|6|0|5|10	1346
   4054	0|5|7|4|1|12|6	626
   4047	1|5|4|5|3|11|5	1511
   4043	0|4|6|4|2|9|11	186
   4020	0|5|6|4|0|9|11	579
   4018	1|8|2|4|0|8|9	2061
   4008	1|5|4|7|1|6|8	1539
   4004	0|5|5|5|2|10|7	548
   3976	1|4|6|5|3|9|7	1210
   3974	1|4|6|6|2|5|10	1228
   3962	0|4|7|7|0|9|6	327
   3960	0|6|4|5|1|14|3	732
   3952	0|4|6|4|2|12|8	189
   3949	0|4|6|4|2|7|13	184
   3940	0|6|4|4|0|9|11	705
   3929	0|6|5|5|0|10|7	761
   3920	0|5|6|6|0|12|4	615
   3918	1|5|5|5|2|11|5	1596
   3905	0|5|5|7|0|5|10	565
   3886	1|5|4|5|3|8|8	1508
   3881	0|5|5|5|2|7|10	545
   3879	1|4|6|6|2|11|4	1234
   3868	1|7|3|5|0|12|4	2021
   3862	0|5|6|6|0|11|5	614
   3838	1|6|3|7|0|6|8	1810
   3813	1|5|10|5|4|8|1	1714
   3752	1|7|2|6|0|11|4	1998
   3746	1|5|5|6|1|14|1	1610
   3739	1|4|6|6|2|14|1	1237
   3728	1|5|4|7|1|9|5	1542
   3725	1|7|1|5|0|5|13	1951
   3725	0|4|6|4|2|11|9	188
   3696	1|4|7|6|1|10|5	1302
   3683	0|5|5|5|0|11|8	538
   3668	1|8|1|4|1|6|11	2037
   3666	0|4|7|4|1|9|11	272
   3655	0|6|4|4|0|11|9	707
   3633	0|6|4|5|1|10|7	728
   3621	1|4|7|5|0|5|13	1275
   3617	1|4|7|5|2|8|8	1289
   3575	1|5|5|5|2|5|11	1590
   3574	0|5|5|5|0|14|5	541
   3554	1|5|6|5|1|9|7	1648
   3553	0|4|7|6|1|13|3	320
   3549	0|4|6|7|1|8|7	251
   3545	0|4|1|4|2|14|11	4
   3543	1|7|3|5|0|13|3	2022
   3533	1|5|7|5|0|6|10	1679
   3525	1|6|5|4|1|14|3	1877
   3487	0|5|7|4|1|11|7	625
   3461	0|5|5|4|1|12|8	517
   3459	0|4|8|4|0|9|11	337
   3437	0|6|5|5|0|11|6	762
   3434	0|4|1|4|4|12|11	8
   3432	0|4|1|4|3|13|11	6
   3428	1|4|6|6|2|10|5	1233
   3414	0|4|1|4|3|12|12	5
   3410	0|7|4|4|0|11|7	838
   3400	0|4|6|8|0|10|4	264
   3391	1|5|6|6|0|13|2	1663
   3375	1|7|4|4|0|14|3	2034
   3370	1|4|2|4|3|13|9	934
   3367	1|4|6|8|0|7|6	1251
   3356	1|8|2|4|0|13|4	2066
   3344	1|6|4|6|0|10|5	1859
   3325	0|6|10|5|4|7|1	789
   3324	1|8|2|4|0|6|11	2059
   3315	1|6|6|4|0|13|4	1904
   3308	1|6|3|4|3|14|3	1774
   3301	1|4|1|7|0|12|8	915
   3277	0|6|5|4|1|12|6	752
   3273	1|5|1|6|0|11|9	1398
   3272	0|6|4|5|1|7|10	725
   3264	0|4|2|6|1|13|8	67
   3243	1|4|1|8|0|10|8	923
   3238	0|4|1|8|1|11|7	42
   3231	1|7|4|4|0|15|2	2035
   3183	0|4|7|5|0|10|9	295
   3175	1|4|6|4|2|5|14	1173
   3165	0|4|1|5|4|14|7	18
   3160	1|4|5|7|2|6|8	1146
   3151	1|4|5|8|1|6|7	1156
   3144	1|4|6|6|2|13|2	1236
   3140	0|5|6|5|1|5|12	597
   3085	1|5|6|4|2|8|9	1636
   3078	1|6|3|4|3|11|6	1771
   3026	1|7|2|4|2|6|11	1971
   3002	1|4|5|6|3|11|4	1129
   3000	1|5|5|5|2|14|2	1599
   2992	1|4|5|8|1|12|1	1162
   2992	0|4|6|8|0|13|1	267
   2973	0|4|4|5|3|6|13	136
   2966	0|7|3|4|1|13|5	817
   2959	0|5|6|6|0|13|3	616
   2950	1|5|5|4|3|12|5	1575
   2945	1|6|3|5|2|7|9	1789
   2938	1|4|8|5|1|9|7	1339
   2936	1|4|5|6|3|9|6	1127
   2919	1|4|8|4|2|11|6	1330
   2917	0|5|5|4|1|9|11	514
   2915	1|7|3|5|0|7|9	2016
   2911	1|8|2|4|0|11|6	2064
   2903	1|4|6|5|3|10|6	1211
   2893	0|5|5|6|1|6|10	555
   2885	0|4|3|8|1|7|9	113
   2879	0|4|6|7|1|5|10	248
   2840	1|4|6|7|1|9|5	1243
   2834	1|6|4|5|1|14|2	1852
   2830	1|4|1|6|2|12|8	909
   2819	1|4|7|6|1|11|4	1303
   2818	0|6|9|6|4|7|0	787
   2783	1|4|4|5|3|5|13	1023
   2768	1|8|2|4|0|15|2	2068
   2742	0|4|7|4|1|15|5	278
   2726	1|8|1|4|1|9|8	2040
   2691	0|4|8|4|0|8|12	336
   2688	1|6|1|4|0|12|10	1719
   2688	1|5|4|6|2|11|4	1533
   2670	0|5|5|7|0|12|3	572
   2663	1|5|9|6|4|8|0	1709
   2658	0|4|6|4|2|14|6	191
   2653	1|7|4|4|0|9|8	2029
   2653	1|6|5|5|0|8|8	1882
   2647	1|4|6|7|1|6|8	1240
   2646	1|4|5|6|3|5|10	1123
   2637	0|4|7|6|1|9|7	316
   2615	0|6|4|6|0|13|3	742
   2591	1|4|5|5|4|12|4	1108
   2585	1|5|5|5|2|15|1	1600
   2582	0|4|3|6|1|11|9	105
   2579	0|6|4|4|0|15|5	711
   2556	1|8|2|4|0|14|3	2067
   2522	1|8|1|4|1|14|3	2045
   2515	1|4|5|4|5|10|7	1074
   2503	1|6|4|6|0|5|10	1854
   2496	1|6|4|6|0|14|1	1863
   2495	1|6|4|4|2|5|12	1832
   2488	1|4|5|7|0|5|11	1134
   2479	1|4|7|6|1|9|6	1301
   2474	0|4|6|7|1|9|6	252
   2462	0|4|4|4|4|7|13	125
   2459	1|5|6|4|2|9|8	1637
   2439	0|6|2|5|1|6|13	682
   2436	1|6|4|4|2|7|10	1834
   2427	0|5|2|4|2|13|9	447
   2419	0|5|5|4|3|11|7	527
   2416	0|4|6|5|1|8|11	207
   2404	1|4|7|5|2|7|9	1288
   2400	1|5|5|4|3|13|4	1576
   2391	0|5|3|4|0|10|13	469
   2361	0|4|7|4|3|11|7	285
   2351	1|5|6|4|2|11|6	1639
   2347	0|6|4|4|0|14|6	710
   2343	1|7|4|4|0|12|5	2032
   2342	0|5|2|5|1|12|9	455
   2334	1|6|3|5|2|11|5	1793
   2329	1|5|5|6|1|15|0	1611
   2317	1|5|3|8|1|13|0	1462
   2308	0|4|6|6|2|9|7	241
   2296	1|8|1|4|1|15|2	2046
   2281	0|6|5|4|1|13|5	753
   2277	1|5|6|5|1|11|5	1650
   2275	1|5|8|4|0|10|7	1696
   2225	1|4|7|7|0|5|9	1308
   2220	1|4|8|4|2|7|10	1326
   2212	1|8|1|4|1|13|4	2044
   2209	0|4|1|7|1|13|7	33
   2202	1|8|1|4|1|5|12	2036
   2194	1|5|4|8|0|13|0	1556
   2182	0|4|6|5|1|11|8	210
   2181	0|4|1|8|0|12|7	40
   2164	1|4|6|5|3|12|4	1213
   2159	0|5|6|5|1|10|7	602
   2152	0|4|2|5|3|13|8	61
   2105	1|5|5|4|3|5|12	1568
   2105	0|5|5|4|1|11|9	516
   2103	1|6|3|6|1|5|10	1798
   2100	0|4|7|4|1|14|6	277
   2093	1|6|2|5|1|5|13	1743
   2076	1|8|1|5|0|5|11	2047
   2067	1|6|5|5|0|11|5	1885
   2048	0|5|5|5|0|8|11	535
   2047	0|4|7|4|1|6|14	269
   2043	0|4|6|6|0|13|5	234
   2035	1|7|4|4|0|8|9	2028
   2035	0|4|6|6|0|10|8	231
   2023	1|6|3|6|1|10|5	1803
   2014	1|5|4|4|4|7|10	1485
   2006	1|4|7|5|2|12|4	1293
   2002	0|4|1|4|4|11|12	7
   2001	1|8|1|5|0|8|8	2050
   2001	1|5|4|4|4|13|4	1491
   1989	0|5|5|5|0|10|9	537
   1988	1|4|6|7|1|11|3	1245
   1984	0|4|1|4|5|11|11	10
   1980	0|5|1|4|2|11|12	412
   1969	1|8|1|4|1|8|9	2039
   1961	0|4|4|5|0|9|13	130
   1960	1|4|4|4|4|5|14	1013
   1939	0|5|6|5|1|9|8	601
   1909	1|6|3|4|1|5|14	1754
   1899	0|4|1|6|3|13|7	27
   1896	1|4|2|5|2|12|9	944
   1884	1|7|1|7|0|14|0	1958
   1883	0|4|6|6|0|7|11	228
   1879	1|5|4|5|3|13|3	1513
   1878	1|5|7|4|1|12|5	1674
   1845	0|4|8|4|0|10|10	338
   1843	0|5|5|6|1|13|3	562
   1836	1|4|8|5|1|10|6	1340
   1832	1|5|4|8|0|5|8	1548
   1830	1|5|7|4|1|15|2	1677
   1826	0|4|8|4|0|11|9	339
   1822	1|4|5|4|3|5|14	1058
   1821	0|6|4|4|0|10|10	706
   1816	0|5|3|4|3|7|13	475
   1813	1|6|3|6|1|15|0	1808
   1799	1|5|4|5|3|12|4	1512
   1787	0|4|6|5|1|10|9	209
   1786	1|5|7|5|0|12|4	1685
   1781	1|4|7|7|0|6|8	1309
   1776	0|5|5|5|2|11|6	549
   1776	0|5|5|4|1|7|13	512
   1767	0|5|2|4|6|5|13	450
   1737	1|7|3|5|0|14|2	2023
   1732	1|5|4|4|2|5|14	1472
   1726	1|7|3|5|0|5|11	2014
   1722	1|4|1|7|1|11|8	917
   1716	1|5|4|4|4|12|5	1490
   1700	1|4|5|7|2|11|3	1151
   1680	1|6|5|5|0|9|7	1883
   1679	1|5|3|8|1|12|1	1461
   1663	0|5|6|4|0|12|8	582
   1660	1|6|6|4|0|11|6	1902
   1641	1|4|5|8|1|7|6	1157
   1634	1|5|6|6|0|8|7	1658
   1633	0|4|8|5|1|11|6	361
   1633	0|4|6|8|0|11|3	265
   1625	1|7|3|5|0|15|1	2024
   1622	0|4|7|7|0|11|4	329
   1614	1|4|7|7|0|7|7	1310
   1608	0|5|2|6|0|11|9	460
   1606	1|6|5|5|0|13|3	1887
   1596	1|4|5|5|4|10|6	1106
   1594	1|4|5|8|1|9|4	1159
   1592	0|5|6|4|0|6|14	576
   1580	1|6|4|4|2|13|4	1840
   1579	1|4|6|7|1|8|6	1242
   1578	0|4|9|4|1|11|7	383
   1563	1|6|3|4|3|13|4	1773
   1556	0|5|5|6|1|10|6	559
   1542	1|5|5|6|1|8|7	1604
   1542	0|5|5|4|1|15|5	520
   1535	1|7|3|4|1|13|4	2011
   1519	1|7|4|4|0|5|12	2025
   1510	0|4|6|5|1|6|13	205
   1507	1|6|5|4|1|15|2	1878
   1497	1|5|4|5|3|6|10	1506
   1491	0|5|6|4|0|14|6	584
   1487	1|8|1|5|0|11|5	2053
   1462	1|6|3|7|0|5|9	1809
   1454	1|6|3|4|3|7|10	1767
   1443	0|5|6|4|2|11|7	592
   1441	1|6|3|7|0|9|5	1813
   1439	1|6|3|6|1|8|7	1801
   1438	1|6|9|5|3|8|1	1941
   1436	1|7|3|4|1|8|9	2006
   1431	1|7|2|6|0|6|9	1993
   1423	0|4|1|5|6|8|11	19
   1418	1|6|3|5|2|6|10	1788
   1404	1|7|3|4|1|6|11	2004
   1373	1|6|4|4|2|12|5	1839
   1369	0|6|2|4|2|7|13	677
   1367	1|8|2|4|0|12|5	2065
   1365	1|5|7|5|0|9|7	1682
   1335	1|4|7|4|3|10|7	1269
   1327	1|6|3|6|1|9|6	1802
   1323	1|8|1|4|1|11|6	2042
   1316	1|6|4|6|0|7|8	1856
   1316	0|5|5|5|0|6|13	533
   1312	1|5|5|7|0|8|6	1615
   1304	1|8|2|4|0|7|10	2060
   1301	1|6|10|4|3|8|2	1944
   1286	1|5|5|6|1|13|2	1609
   1273	1|4|5|4|0|9|13	1042
   1270	1|5|9|6|5|7|0	1710
   1268	1|5|7|4|1|13|4	1675
   1267	0|7|3|4|1|11|7	815
   1266	1|7|2|4|2|12|5	1977
   1260	1|5|7|5|0|10|6	1683
   1255	1|5|3|5|2|5|13	1450
   1251	1|4|5|6|3|12|3	1130
   1249	1|7|2|4|2|11|6	1976
   1246	0|4|7|4|1|10|10	273
   1236	1|5|6|6|0|10|5	1660
   1218	1|7|4|4|0|10|7	2030
   1216	1|5|6|6|0|12|3	1662
   1207	1|6|4|5|1|15|1	1853
   1207	0|4|6|6|0|9|9	230
   1197	0|4|8|4|0|6|14	334
   1189	1|5|4|6|2|5|10	1527
   1183	0|5|6|4|0|15|5	585
   1181	1|6|4|4|2|9|8	1836
   1167	1|5|5|5|2|12|4	1597
   1163	1|4|8|4|2|10|7	1329
   1162	1|5|4|4|4|10|7	1488
   1160	1|7|3|5|0|6|10	2015
   1153	0|6|4|4|2|11|7	718
   1149	1|5|5|7|0|9|5	1616
   1144	0|6|3|4|1|7|13	690
   1140	1|5|7|6|6|8|0	1690
   1136	1|4|5|4|0|13|9	1046
   1136	0|5|3|5|2|6|13	483
   1134	1|6|4|6|0|13|2	1862
   1123	1|7|2|6|0|10|5	1997
   1111	0|4|6|6|0|5|13	226
   1101	1|5|10|5|5|7|1	1715
   1097	1|7|2|4|2|9|8	1974
   1091	0|4|3|7|0|10|9	110
   1076	1|4|6|6|2|12|3	1235
   1071	1|5|4|8|0|8|5	1551
   1068	1|7|2|4|2|13|4	1978
   1055	0|4|5|4|3|7|13	155
   1043	0|4|6|4|2|10|10	187
   1042	1|8|1|5|0|7|9	2049
   1041	1|6|5|4|1|11|6	1874
   1037	1|6|4|5|1|13|3	1851
   1037	1|6|2|8|0|12|1	1752
   1031	1|6|4|6|0|11|4	1860
   1023	0|7|10|4|3|7|2	869
   1022	1|6|4|4|2|11|6	1838
   1016	1|5|5|7|0|13|1	1620
   1011	0|5|6|4|0|8|12	578
   1001	1|6|3|5|2|12|4	1794
    995	1|6|5|4|1|10|7	1873
    990	0|4|1|6|5|7|11	28
    988	1|7|2|4|2|14|3	1979
    986	0|5|1|4|5|8|12	416
    980	1|4|7|5|2|10|6	1291
    974	1|6|4|6|0|9|6	1858
    973	0|4|5|5|2|6|13	163
    960	0|5|5|4|1|14|6	519
    949	1|6|4|5|1|9|7	1847
    941	1|8|1|5|0|13|3	2055
    934	1|6|2|8|0|13|0	1753
    934	0|4|6|6|0|12|6	233
    932	1|7|2|4|2|7|10	1972
    922	1|6|4|5|1|11|5	1849
    909	1|5|6|6|0|9|6	1659
    903	0|4|6|4|2|6|14	183
    900	0|4|2|4|0|14|12	46
    897	0|6|4|5|1|11|6	729
    888	1|6|5|5|0|12|4	1886
    883	0|4|2|8|0|10|8	81
    879	1|5|4|5|3|9|7	1509
    873	1|5|4|5|3|10|6	1510
    865	0|6|4|4|0|6|14	702
    863	1|7|3|4|1|9|8	2007
    859	0|5|6|4|0|10|10	580
    858	1|6|3|4|3|12|5	1772
    854	1|5|4|6|2|9|6	1531
    851	0|5|5|5|0|15|4	542
    851	0|4|6|4|0|14|8	181
    848	1|7|2|6|0|7|8	1994
    845	1|4|6|6|0|5|12	1217
    836	1|7|3|4|1|5|12	2003
    834	1|4|1|4|4|10|12	889
    831	1|5|7|4|1|7|10	1669
    831	0|7|9|5|3|7|1	868
    830	1|6|5|4|1|12|5	1875
    829	1|4|2|7|0|10|9	958
    821	0|4|6|5|1|15|4	214
    821	0|4|1|4|5|10|12	9
    819	0|7|1|4|1|7|13	791
    810	0|4|7|5|0|12|7	297
    808	1|4|6|7|1|10|4	1244
    799	1|7|2|4|2|8|9	1973
    796	1|4|6|5|3|8|8	1209
    790	1|6|10|4|4|7|2	1945
    789	1|6|6|4|0|10|7	1901
    784	0|4|5|4|3|6|14	154
    778	1|5|5|7|0|12|2	1619
    777	1|6|5|4|1|13|4	1876
    773	1|4|6|4|4|10|7	1189
    771	1|6|3|5|2|13|3	1795
    767	1|4|3|4|0|11|13	966
    765	1|6|3|4|3|10|7	1770
    747	0|4|6|4|2|15|5	192
    743	0|4|7|5|0|7|12	292
    728	0|4|6|6|0|14|4	235
    717	0|5|5|4|1|6|14	511
    711	1|5|5|6|1|10|5	1606
    695	0|5|5|5|0|12|7	539
    694	1|5|5|7|0|6|8	1613
    688	0|5|1|5|1|10|12	420
    688	0|4|6|6|0|8|10	229
    683	1|5|4|6|2|10|5	1532
    672	0|4|6|5|1|9|10	208
    671	0|4|7|5|0|5|14	290
    663	1|7|3|4|1|14|3	2012
    663	1|4|2|6|1|11|9	952
    658	0|4|1|5|0|14|11	12
    656	1|6|3|7|0|7|7	1811
    653	0|4|7|4|1|8|12	271
    650	1|4|6|7|1|7|7	1241
    649	0|6|1|4|3|7|13	658
    648	1|7|3|4|1|7|10	2005
    647	0|4|7|5|0|9|10	294
    641	0|6|5|4|1|11|7	751
    624	0|5|6|5|1|11|6	603
    623	1|6|8|6|3|8|0	1935
    602	1|7|2|6|0|12|3	1999
    601	1|6|4|6|0|12|3	1861
    601	1|5|5|7|0|11|3	1618
    599	1|7|3|5|0|11|5	2020
    598	1|6|3|7|0|11|3	1815
    596	0|7|2|4|0|6|14	801
    595	0|4|7|5|0|13|6	298
    594	1|6|5|5|0|10|6	1884
    594	1|4|5|7|2|8|6	1148
    592	1|4|6|8|0|6|7	1250
    592	1|4|6|6|2|7|8	1230
    585	0|4|2|4|6|8|12	53
    582	0|7|8|6|3|7|0	866
    578	0|4|2|7|1|11|8	76
    577	1|4|5|4|0|12|10	1045
    575	1|7|3|5|0|10|6	2019
    573	0|4|6|7|1|11|4	254
    570	1|8|2|4|0|10|7	2063
    570	1|7|3|5|0|9|7	2018
    570	1|6|4|6|0|8|7	1857
    568	0|4|7|5|0|14|5	299
    563	1|8|1|5|0|6|10	2048
    550	1|5|5|6|1|7|8	1603
    548	1|5|6|6|0|11|4	1661
    539	0|4|7|5|0|11|8	296
    535	1|4|5|7|2|10|4	1150
    532	1|5|4|8|0|11|2	1554
    531	0|4|5|4|0|10|13	149
    530	0|6|4|4|0|13|7	709
    524	1|7|2|5|1|8|8	1984
    523	1|6|3|5|2|10|6	1792
    522	1|8|2|4|0|5|12	2058
    522	0|4|4|4|0|11|13	116
    520	1|4|3|4|1|10|13	969
    516	1|8|1|5|0|10|6	2052
    516	1|7|2|6|0|9|6	1996
    516	1|6|3|7|0|8|6	1812
    516	0|5|5|4|1|10|10	515
    509	1|8|1|4|1|7|10	2038
    509	1|6|3|5|2|9|7	1791
    507	0|5|5|5|0|9|10	536
    504	0|5|1|4|1|12|12	411
    498	1|5|5|5|2|10|6	1595
    496	1|4|5|4|0|14|8	1047
    494	1|5|2|4|0|10|13	1409
    493	1|5|5|4|3|10|7	1573
    491	0|4|4|4|1|10|13	119
    484	1|6|8|6|4|7|0	1936
    483	1|4|4|4|0|10|13	1005
    476	0|4|2|5|1|11|12	56
    460	0|6|8|5|6|6|2	781
    454	0|5|5|4|1|13|7	518
    450	1|5|2|4|1|9|13	1412
    450	0|7|1|5|0|6|13	796
    446	0|5|1|5|4|7|12	424
    439	0|4|4|5|3|5|14	135
    436	1|5|6|5|1|10|6	1649
    431	1|4|5|8|1|10|3	1160
    428	1|5|3|4|0|8|14	1437
    428	1|4|6|8|0|5|8	1249
    428	1|4|5|6|3|8|7	1126
    427	1|5|4|7|1|11|3	1544
    422	1|5|3|4|0|9|13	1438
    414	0|4|8|4|0|13|7	341
    413	1|5|4|8|0|7|6	1550
    404	1|4|1|6|5|5|12	912
    401	1|4|6|6|2|8|7	1231
    400	0|4|2|4|2|12|12	48
    391	1|5|4|8|0|12|1	1555
    388	1|8|2|4|0|9|8	2062
    383	0|4|4|4|4|6|14	124
    379	0|5|4|4|2|7|13	495
    378	1|7|3|4|1|10|7	2008
    375	0|7|7|4|6|9|0	859
    375	0|5|5|5|0|13|6	540
    370	1|6|4|5|1|10|6	1848
    369	1|7|3|5|0|8|8	2017
    368	1|6|1|4|0|9|13	1718
    364	0|7|2|4|0|7|13	802
    363	1|4|3|5|0|9|13	981
    362	0|5|5|6|1|9|7	558
    359	1|6|3|7|0|10|4	1814
    359	1|5|5|6|1|11|4	1607
    359	0|4|1|5|3|11|11	15
    355	1|5|7|4|1|10|7	1672
    350	0|4|1|6|2|10|11	24
    348	0|4|6|4|0|13|9	180
    347	0|4|3|4|5|7|13	91
    343	0|5|4|4|2|6|14	494
    338	1|8|1|5|0|12|4	2054
    337	1|5|9|4|6|8|2	1705
    336	1|6|9|5|4|7|1	1942
    336	1|5|5|5|2|8|8	1593
    330	0|4|1|5|1|13|11	13
    329	1|5|8|5|6|7|2	1702
    328	1|4|5|4|0|11|11	1044
    324	0|6|3|4|1|6|14	689
    321	0|6|2|4|2|6|14	676
    317	1|7|2|5|1|9|7	1985
    316	1|6|4|5|1|12|4	1850
    314	1|4|1|4|1|13|12	885
    310	0|4|6|4|2|13|7	190
    304	0|4|4|6|2|5|13	142
    304	0|4|4|4|2|9|13	122
    303	1|8|1|4|1|12|5	2043
    303	0|6|7|6|6|7|0	780
    299	1|4|4|5|0|8|13	1018
    298	1|4|3|4|0|10|14	965
    296	1|5|2|5|0|8|13	1422
    295	0|4|2|4|3|11|12	49
    293	0|5|3|6|1|5|13	486
    290	0|4|4|5|1|8|13	133
    288	1|7|2|5|1|11|5	1987
    288	0|5|5|5|0|5|14	532
    288	0|4|3|4|2|10|13	87
    287	1|5|4|8|0|6|7	1549
    287	0|4|1|5|4|10|11	17
    275	1|7|2|6|0|5|10	1992
    269	1|5|6|4|2|10|7	1638
    268	1|4|3|5|1|8|13	984
    266	1|5|7|4|1|11|6	1673
    264	0|4|1|5|2|12|11	14
    263	1|5|4|7|1|8|6	1541
    260	0|6|1|4|0|10|13	654
    252	0|4|5|4|1|9|13	152
    251	1|7|3|4|1|11|6	2009
    249	1|4|1|5|2|10|12	896
    244	0|4|6|4|0|11|11	178
    239	1|7|2|5|1|7|9	1983
    232	0|5|1|4|3|10|12	414
    232	0|4|4|4|1|9|14	118
    231	0|5|3|5|2|5|14	482
    228	1|4|3|4|2|9|13	972
    222	0|6|9|4|6|7|2	784
    220	1|5|4|6|2|12|3	1534
    219	0|6|2|6|0|5|13	685
    219	0|4|5|4|1|8|14	151
    217	1|5|1|4|2|9|13	1382
    210	1|8|1|5|0|9|7	2051
    210	0|5|1|4|0|13|12	410
    205	1|7|2|6|0|8|7	1995
    204	1|5|5|6|1|12|3	1608
    202	1|5|5|7|0|10|4	1617
    201	0|4|5|6|1|5|13	166
    196	1|5|4|8|0|9|4	1552
    196	1|5|2|4|0|9|14	1408
    195	0|5|6|4|0|13|7	583
    185	1|6|4|4|2|10|7	1837
    185	1|4|1|4|3|11|12	887
    184	1|5|4|7|1|7|7	1540
    184	1|4|5|4|0|8|14	1041
    183	0|5|3|4|1|9|13	472
    182	0|5|3|5|0|8|13	480
    181	0|6|6|7|6|6|0	778
    180	1|4|4|4|1|8|14	1007
    180	0|6|8|5|6|7|1	782
    175	1|4|1|4|0|14|12	884
    174	0|4|8|4|0|14|6	342
    172	1|5|6|5|1|12|4	1651
    171	0|6|3|5|0|5|14	694
    171	0|5|4|5|1|6|13	500
    168	0|4|2|5|5|7|12	62
    167	1|4|3|6|0|7|13	993
    167	0|4|5|5|2|5|14	162
    165	1|7|2|5|1|13|3	1989
    165	1|6|3|6|1|12|3	1805
    164	0|6|2|4|0|9|13	674
    162	1|6|7|5|5|7|2	1922
    161	0|4|6|4|0|9|13	176
    159	1|4|5|7|2|7|7	1147
    158	1|8|1|4|1|10|7	2041
    158	1|6|8|4|5|8|2	1927
    155	1|7|2|5|1|6|10	1982
    155	1|5|1|4|1|10|13	1380
    152	1|5|6|7|6|7|0	1666
    146	0|4|7|4|1|12|8	275
    145	1|5|7|6|6|7|1	1689
    143	0|4|6|4|0|12|10	179
    127	0|4|1|6|1|11|11	22
    126	0|5|3|4|3|6|14	474
    125	0|5|2|4|0|11|13	442
    123	1|6|6|6|5|8|0	1913
    123	1|6|5|7|5|7|0	1894
    123	1|4|2|4|3|9|13	933
    121	0|4|6|5|1|5|14	204
    118	1|5|4|7|1|10|4	1543
    117	1|5|4|8|0|10|3	1553
    116	1|4|3|7|0|5|13	1000
    115	1|4|2|4|0|12|13	928
    115	0|7|1|4|1|6|14	790
    115	0|4|2|5|2|10|12	58
    114	1|6|5|6|6|7|1	1892
    114	0|7|7|5|5|6|2	860
    113	1|4|1|4|2|12|12	886
    113	0|7|6|6|5|7|0	854
    113	0|5|4|5|1|5|14	499
    110	1|6|7|4|6|6|4	1917
    110	0|4|2|6|4|6|12	70
    110	0|4|2|4|4|10|12	51
    107	1|5|8|5|6|8|1	1703
    106	0|4|1|7|4|6|11	36
    104	0|4|6|6|0|11|7	232
    103	1|5|1|4|0|11|13	1378
     99	0|6|3|5|0|6|13	695
     99	0|5|4|4|0|8|14	491
     99	0|4|1|7|1|9|11	32
     95	0|5|2|4|4|7|13	448
     92	0|4|4|4|2|8|14	121
     90	1|4|3|5|1|7|14	983
     88	0|5|3|4|0|9|14	468
     87	0|5|1|6|0|9|12	428
     85	1|5|4|6|2|8|7	1530
     83	1|6|7|4|6|10|0	1921
     82	1|6|7|4|6|7|3	1918
     82	0|4|5|5|0|7|14	159
     81	0|4|2|4|1|13|12	47
     80	0|4|6|5|1|12|7	211
     79	0|5|1|5|0|11|12	418
     78	1|7|2|5|1|10|6	1986
     78	1|5|2|4|1|8|14	1411
     78	0|4|5|4|0|9|14	148
     77	1|4|3|6|1|5|14	995
     76	0|6|1|5|2|6|13	664
     76	0|5|1|5|2|9|12	422
     74	1|4|1|5|1|11|12	894
     73	0|5|2|5|3|6|13	456
     72	0|4|6|4|0|15|7	182
     71	1|4|4|4|1|9|13	1008
     71	0|6|2|5|1|5|14	681
     70	1|6|6|5|6|7|2	1909
     70	0|4|3|4|3|9|13	89
     68	1|4|2|6|0|8|13	949
     68	0|6|7|6|6|6|1	779
     67	1|6|6|6|6|6|1	1914
     66	1|6|6|5|6|6|3	1908
     62	0|4|3|4|1|11|13	85
     57	0|5|4|6|0|5|13	503
     56	0|4|4|5|1|7|14	132
     54	0|4|4|6|0|7|13	140
     54	0|4|4|5|0|8|14	129
     53	0|5|2|4|1|10|13	444
     50	1|6|3|8|6|6|0	1820
     48	1|5|2|5|0|7|14	1421
     48	1|4|3|5|0|8|14	980
     46	0|5|4|4|0|9|13	492
     44	1|6|7|5|5|8|1	1923
     44	0|4|4|6|0|6|14	139
     43	1|6|7|4|6|5|5	1916
     41	0|6|1|4|1|9|13	656
     40	0|4|6|5|1|13|6	212
     38	0|4|3|5|4|6|13	99
     37	1|6|8|4|6|7|2	1930
     37	0|7|5|6|6|6|1	846
     37	0|4|5|5|0|8|13	160
     37	0|4|1|6|3|9|11	26
     36	1|4|4|4|0|9|14	1004
     35	1|4|4|5|0|7|14	1017
     34	0|4|7|4|1|13|7	276
     33	0|7|1|5|0|5|14	795
     31	0|7|5|7|5|6|0	848
     31	0|7|4|7|6|6|0	844
     30	1|6|1|4|0|8|14	1717
     25	1|6|7|5|6|7|1	1925
     25	1|5|1|5|0|9|13	1388
     25	1|4|4|6|0|5|14	1027
     25	1|4|2|4|2|10|13	931
     24	0|7|6|5|6|6|2	850
     23	1|4|3|6|0|6|14	992
     23	1|4|1|5|3|9|12	898
     18	1|5|1|5|1|8|13	1390
     17	0|4|2|5|0|12|12	55
     14	1|4|1|5|0|12|12	893
     14	0|5|1|6|3|6|12	432
     11	1|6|7|5|6|6|2	1924
     10	1|4|2|4|1|11|13	929
     10	0|7|8|4|5|7|2	863
      9	1|6|6|6|6|7|0	1915
      9	0|4|1|8|0|8|11	39
      8	1|6|5|7|6|6|0	1895
      8	1|4|1|6|0|10|12	904
      8	0|7|7|4|6|6|3	856
      7	0|7|7|5|5|7|1	861
      6	1|6|6|6|5|7|1	1912
      6	0|7|7|4|6|5|4	855
      6	0|6|1|6|1|5|13	667
      6	0|5|3|5|0|7|14	479
      6	0|4|6|4|0|8|14	175
      6	0|4|3|5|2|8|13	97
      6	0|4|3|5|1|9|13	95
      5	1|4|3|4|2|8|14	971
      5	1|4|3|4|1|9|14	968
      5	0|7|6|6|5|6|1	853
      5	0|5|2|5|0|9|13	452
      5	0|4|2|6|2|8|12	68
      4	1|4|1|6|2|8|12	908
      4	0|6|1|5|0|8|13	662
      3	1|7|2|4|2|10|7	1975
      3	1|6|4|7|6|5|2	1865
      3	0|6|2|4|0|8|14	673
      3	0|4|3|6|0|8|13	102
      3	0|4|2|5|3|9|12	60
      2	1|6|6|5|6|5|4	1907
      2	1|6|5|6|6|6|2	1891
      2	1|6|5|6|6|5|3	1890
      2	1|4|1|7|0|8|12	914
      2	1|4|1|6|1|9|12	906
      2	0|4|2|6|1|9|12	66
      1	1|6|3|8|6|5|1	1819
      1	1|5|2|6|0|5|14	1430
      1	1|5|1|7|0|5|13	1403
      1	1|5|1|6|0|7|13	1397
      1	1|4|2|5|2|8|13	943
      1	1|4|1|7|1|7|12	916
      1	0|7|5|6|6|5|2	845
      1	0|7|3|8|6|5|0	831
      1	0|5|3|4|1|8|14	471
      1	0|5|2|6|0|7|13	459
      1	0|4|3|7|0|6|13	109
      1	0|4|2|6|0|10|12	64
      1	0|4|1|8|3|5|11	43
      1	0|4|1|7|0|10|11	30
