6746043	None	0
2458210	0|6|1|4|5|9|9	661
1559129	0|4|3|7|4|6|9	112
1532487	0|6|1|6|3|7|9	669
1414079	0|6|1|5|4|8|9	666
1357312	0|5|1|5|6|9|8	427
1238216	0|4|2|8|4|6|8	83
1191199	0|7|2|6|0|15|1	808
1174629	0|4|2|7|5|7|8	79
1094757	1|6|8|6|5|6|0	1937
1022143	0|5|1|6|5|8|8	434
 986568	0|7|1|4|3|8|10	794
 953064	1|6|9|5|5|6|1	1943
 936691	0|5|1|7|4|7|8	439
 874216	0|4|3|6|5|7|9	108
 776660	0|7|4|4|0|9|9	836
 602559	0|5|8|4|0|7|11	643
 578766	0|4|3|5|6|8|9	101
 562075	0|5|2|6|4|7|9	463
 491480	0|4|2|6|6|8|8	72
 467310	0|7|1|5|2|7|10	798
 401038	0|5|1|4|5|12|8	417
 375093	0|6|5|5|0|8|9	759
 371104	0|4|1|8|5|7|7	45
 328472	0|8|2|4|0|10|8	878
 328472	0|7|3|5|0|9|8	824
 326749	0|4|6|7|1|15|0	258
 278298	0|5|2|5|5|8|9	458
 270548	0|6|6|4|0|8|10	770
 263242	0|4|10|4|0|7|11	401
 261898	0|5|6|6|0|7|9	610
 255549	0|6|1|7|2|6|9	671
 238722	0|5|2|4|6|9|9	451
 237626	0|4|1|7|6|8|7	38
 228403	0|5|8|4|0|5|13	641
 226852	0|6|6|4|0|9|9	771
 224247	0|6|1|7|0|8|9	670
 203980	1|4|8|6|0|15|0	1351
 201449	0|4|6|7|1|7|8	250
 199638	1|4|4|5|5|15|1	1026
 196904	1|4|4|6|4|15|0	1032
 184098	0|8|2|4|0|7|11	875
 172793	0|6|4|6|0|8|8	737
 171684	0|5|1|8|3|6|8	441
 171313	0|8|1|4|1|7|11	871
 170442	0|8|2|4|0|5|13	873
 163856	1|6|10|4|5|6|2	1946
 162618	0|6|6|4|0|7|11	769
 161330	0|6|3|7|0|15|0	701
 159882	1|4|9|4|1|6|11	1353
 159563	0|4|3|8|3|5|9	114
 155734	0|5|1|6|0|13|8	429
 155728	0|4|2|7|0|12|8	74
 154800	0|5|7|5|0|7|10	632
 150155	0|4|8|5|1|6|11	356
 148156	0|5|5|7|0|7|8	567
 144673	0|5|1|6|3|10|8	433
 143166	0|5|2|7|3|6|9	465
 140152	0|5|4|6|2|15|1	506
 137869	0|5|1|5|4|11|8	425
 136504	0|4|10|4|0|9|9	403
 131392	0|4|6|5|3|6|11	216
 130351	0|8|2|4|0|9|9	877
 127409	0|4|9|5|0|6|11	389
 126734	0|7|3|4|1|10|8	814
 124971	0|4|5|7|2|14|1	171
 112031	0|4|9|4|1|7|11	379
 110891	0|4|6|4|4|5|13	193
 105288	0|6|6|4|0|15|3	777
 104608	0|7|4|4|0|7|11	834
 103092	0|6|3|7|0|14|1	700
  98710	0|8|2|4|0|15|3	883
  95542	0|5|4|7|1|14|1	507
  95464	0|4|7|4|3|7|11	281
  94418	0|7|4|4|0|8|10	835
  91978	0|6|3|6|1|15|1	699
  90916	0|4|5|6|3|15|1	169
  90160	0|7|4|4|0|5|13	832
  90017	1|5|1|5|6|7|9	1396
  87200	1|5|8|4|0|6|11	1692
  86247	0|4|6|4|4|7|11	195
  85686	1|4|9|4|1|8|9	1355
  84545	0|4|10|4|0|5|13	399
  83168	1|4|10|4|0|14|3	1373
  82691	0|4|4|4|6|5|13	127
  82563	0|7|3|5|0|8|9	823
  82130	0|6|6|4|0|5|13	767
  81182	0|4|8|4|2|7|11	346
  81163	1|4|7|7|0|14|0	1312
  80165	0|4|7|4|3|5|13	279
  77296	0|7|3|4|1|9|9	813
  77007	0|5|1|8|1|8|8	440
  75903	0|4|6|4|4|15|3	203
  75184	0|6|1|5|2|10|9	665
  75154	1|4|5|6|3|15|0	1133
  75010	0|5|7|5|0|8|9	633
  73864	1|4|2|6|6|6|9	956
  73442	0|5|8|4|0|15|3	651
  71865	0|7|3|4|1|5|13	809
  71208	1|5|1|7|4|5|9	1406
  68518	0|4|10|4|0|15|3	409
  67948	1|5|1|6|5|6|9	1402
  66593	0|7|3|4|1|7|11	811
  66521	0|8|2|4|0|12|6	880
  66352	0|4|7|4|3|9|9	283
  65985	0|4|6|4|4|9|9	197
  65800	0|6|5|4|1|9|9	749
  65140	0|8|2|4|0|13|5	881
  64345	0|5|8|4|0|8|10	644
  64299	0|5|2|8|0|7|9	466
  63980	0|7|1|4|3|5|13	793
  63947	0|6|4|5|1|9|8	727
  62952	1|5|6|6|0|15|0	1665
  62577	0|6|6|4|0|6|12	768
  62385	1|4|8|5|1|5|11	1335
  61988	0|4|6|4|4|10|8	198
  61981	0|4|8|6|0|7|9	368
  60307	0|4|6|7|1|6|9	249
  59820	0|4|2|4|6|12|8	54
  59026	0|4|7|5|2|6|11	302
  58766	0|4|6|5|3|9|8	219
  58637	0|6|4|4|2|9|9	716
  57409	0|6|1|4|3|11|9	659
  57354	0|4|8|4|2|15|3	354
  57147	0|4|9|5|0|7|10	390
  56582	0|4|9|4|1|15|3	387
  55924	0|6|4|4|2|10|8	717
  55084	0|7|1|6|1|6|10	799
  53716	0|4|10|4|0|8|10	402
  53486	1|4|7|6|1|6|9	1298
  53113	0|4|7|4|3|6|12	280
  52591	1|4|7|4|3|15|2	1274
  52369	1|4|10|4|0|7|10	1371
  51632	0|6|5|5|0|15|2	766
  50914	0|4|10|4|0|14|4	408
  50872	0|7|3|5|0|12|5	827
  50323	0|5|7|5|0|5|12	630
  50102	0|6|4|4|2|7|11	714
  49770	0|5|5|7|0|15|0	575
  49531	0|4|10|4|0|6|12	400
  49269	0|4|9|4|1|5|13	377
  48712	1|4|9|5|0|14|2	1367
  46882	0|6|4|4|2|5|13	712
  46813	0|4|5|7|2|15|0	172
  46173	0|7|3|5|0|6|11	821
  45703	1|4|10|4|0|6|11	1370
  45648	0|4|8|4|2|5|13	344
  45629	0|5|5|6|1|7|9	556
  45479	0|4|8|6|0|15|1	376
  44531	0|6|5|5|0|7|10	758
  43877	1|4|10|4|0|11|6	1372
  43421	0|4|8|4|2|8|10	347
  43014	0|5|1|7|2|9|8	438
  42961	0|8|2|4|0|14|4	882
  42622	1|4|8|5|1|6|10	1336
  41825	0|5|8|4|0|6|12	642
  41199	1|4|6|4|4|15|2	1194
  40547	1|4|1|5|1|15|8	895
  39540	1|4|9|5|0|15|1	1368
  39534	0|5|7|5|0|6|11	631
  39405	0|4|7|5|2|8|9	304
  39121	0|4|9|4|1|6|12	378
  39022	0|7|4|4|0|10|8	837
  38686	1|5|6|4|0|5|14	1622
  38664	0|6|1|8|1|5|9	672
  38560	1|4|1|4|4|14|8	890
  37694	0|4|1|7|4|10|7	37
  37677	0|5|7|5|0|15|2	640
  37317	0|4|6|5|3|12|5	222
  37085	1|6|4|5|1|7|9	1845
  36769	0|4|3|6|0|12|9	103
  36209	1|4|6|5|3|15|1	1216
  36149	1|4|1|7|6|6|8	921
  35818	0|4|8|5|1|15|2	365
  35506	0|7|3|4|1|14|4	818
  35483	0|6|4|6|0|7|9	736
  35226	0|5|2|5|0|13|9	453
  35223	0|4|8|6|0|6|10	367
  35099	0|7|1|4|1|10|10	792
  34361	1|6|5|4|1|7|10	1870
  34179	0|4|2|6|4|10|8	71
  34021	0|4|6|4|4|12|6	200
  33582	0|6|4|5|1|8|9	726
  33554	1|4|4|6|4|14|1	1031
  33474	1|4|9|5|0|5|11	1363
  33393	1|6|2|6|2|15|0	1749
  33228	0|4|3|5|4|10|9	100
  33064	0|4|9|5|0|12|5	395
  32889	0|4|3|4|5|11|9	92
  32888	0|4|9|5|0|5|12	388
  32261	1|4|1|8|5|5|8	927
  32133	0|4|7|7|0|6|9	324
  32124	0|5|1|5|0|15|8	419
  31938	1|4|9|5|0|11|5	1366
  31788	0|4|9|5|0|15|2	398
  31481	0|4|6|4|4|8|10	196
  31319	0|6|1|6|1|9|9	668
  30659	0|4|8|5|1|7|10	357
  30622	0|6|5|5|0|6|11	757
  30049	0|4|5|4|5|5|13	157
  29604	1|6|6|4|0|6|11	1897
  29296	1|4|9|4|1|5|12	1352
  29253	0|7|1|7|0|5|10	800
  28938	0|4|7|4|3|8|10	282
  28763	0|4|8|4|2|9|9	348
  28195	0|4|9|5|0|14|3	397
  28030	0|4|6|5|3|7|10	217
  27656	0|8|1|4|1|5|13	870
  27548	1|4|9|4|1|7|10	1354
  27535	0|4|8|6|0|5|11	366
  26844	1|5|7|5|0|14|2	1687
  26796	0|5|5|4|3|7|11	523
  26567	1|5|8|4|0|15|2	1701
  26451	0|4|8|4|2|6|12	345
  26276	0|4|9|5|0|9|8	392
  26219	0|4|7|6|1|7|9	314
  26002	0|4|10|4|0|10|8	404
  25970	0|5|5|4|3|10|8	526
  25842	0|4|6|5|3|8|9	218
  25736	1|4|5|4|5|9|8	1073
  25674	0|4|7|4|3|15|3	289
  25655	0|4|7|5|2|15|2	311
  25078	0|5|6|6|0|15|1	618
  24982	1|5|9|6|6|6|0	1711
  24952	0|7|3|5|0|10|7	825
  24676	0|5|1|4|2|15|8	413
  24602	0|4|9|4|1|10|8	382
  24583	1|6|6|4|0|5|12	1896
  23988	0|5|8|4|0|10|8	646
  23763	0|5|5|7|0|10|5	570
  23656	0|4|9|5|0|8|9	391
  23593	0|4|6|6|2|8|8	240
  23588	0|6|2|4|4|5|13	679
  23504	0|5|8|4|0|9|9	645
  23429	0|6|4|6|0|5|11	734
  23372	0|4|9|4|1|9|9	381
  23371	0|8|2|4|0|11|7	879
  23329	1|4|6|7|1|5|9	1239
  23322	0|5|4|7|1|15|0	508
  22820	1|4|5|4|5|6|11	1070
  22654	1|4|8|6|0|14|1	1350
  22338	1|4|2|7|5|5|9	962
  22228	0|4|7|4|3|12|6	286
  22209	1|4|9|4|1|14|3	1361
  21706	0|4|1|5|6|12|7	20
  21683	0|4|8|4|2|10|8	349
  21297	0|5|6|6|0|5|11	608
  21016	0|4|6|8|0|6|8	260
  20981	0|7|4|4|0|6|12	833
  20980	1|4|5|4|5|14|3	1078
  20927	0|6|1|4|0|14|9	655
  20906	0|5|7|4|1|7|11	621
  20900	1|6|2|5|3|15|1	1746
  20874	0|7|3|4|1|15|3	819
  20856	1|4|5|4|5|8|9	1072
  20852	0|4|7|7|0|15|0	333
  20767	1|6|1|4|5|7|10	1726
  20505	0|6|5|5|0|9|8	760
  20357	0|4|6|6|2|5|11	237
  20293	0|5|5|4|3|15|3	531
  20278	0|4|10|4|0|12|6	406
  20208	0|7|4|4|0|14|4	841
  20135	1|4|7|6|1|5|10	1297
  19966	0|6|4|6|0|11|5	740
  19914	0|4|6|8|0|9|5	263
  19695	1|4|8|4|2|6|11	1325
  19258	1|5|3|5|4|15|1	1453
  18966	0|4|7|5|2|5|12	301
  18770	0|4|9|4|1|8|10	380
  18731	1|5|7|4|1|14|3	1676
  18730	0|5|5|4|3|9|9	525
  18715	1|4|8|5|1|11|5	1341
  18540	0|4|6|5|3|14|3	224
  18500	0|5|2|7|1|8|9	464
  18061	0|6|4|4|2|15|3	722
  18042	0|5|5|5|2|8|9	546
  18013	0|4|9|4|1|14|4	386
  18004	1|4|5|5|4|11|5	1107
  17983	0|4|8|4|2|14|4	353
  17879	0|5|5|4|3|5|13	521
  17544	1|4|6|4|4|8|9	1187
  17261	1|5|10|5|6|6|1	1716
  17151	1|7|1|4|1|5|14	1947
  17073	0|7|4|4|0|15|3	842
  16873	1|4|5|8|1|8|5	1158
  16759	0|4|6|4|4|13|5	201
  16756	0|6|6|4|0|14|4	776
  16686	1|4|7|4|3|6|11	1265
  16524	0|8|2|4|0|8|10	876
  16483	0|5|5|5|2|6|11	544
  16388	0|5|2|8|2|5|9	467
  16372	0|4|7|6|1|15|1	322
  16356	0|5|3|4|5|5|13	477
  16279	0|5|2|4|4|11|9	449
  16201	0|7|4|4|0|12|6	839
  16201	0|4|8|5|1|14|3	364
  16083	1|4|5|8|1|5|8	1155
  16045	0|5|2|5|3|10|9	457
  16030	0|5|7|4|1|15|3	629
  16021	1|4|8|5|1|14|2	1344
  16020	1|5|6|6|0|14|1	1664
  16010	0|6|5|4|1|7|11	747
  15979	0|7|2|4|2|5|13	804
  15928	1|4|7|4|3|14|3	1273
  15801	0|6|4|5|1|6|11	724
  15739	0|5|7|5|0|9|8	634
  15705	1|6|3|6|1|7|8	1800
  15692	1|5|1|4|0|15|9	1379
  15674	0|4|6|4|4|14|4	202
  15615	0|5|1|5|1|14|8	421
  15340	0|5|6|4|2|9|9	590
  15300	1|6|3|5|0|5|13	1776
  15086	0|4|6|6|2|6|10	238
  15006	0|5|5|5|2|9|8	547
  15001	0|4|2|5|5|11|8	63
  14747	0|4|7|4|3|10|8	284
  14676	0|5|8|4|0|13|5	649
  14617	0|4|8|5|1|5|12	355
  14596	0|5|4|8|0|14|0	510
  14525	1|5|3|6|3|15|0	1456
  14353	1|6|1|5|2|5|13	1730
  14330	0|6|5|5|0|5|12	756
  14110	1|4|1|4|3|15|8	888
  13886	0|4|6|8|0|14|0	268
  13828	0|6|5|4|1|5|13	745
  13734	1|4|6|4|4|11|6	1190
  13715	1|6|4|4|0|5|14	1821
  13672	0|5|7|4|1|5|13	619
  13558	0|4|8|6|0|8|8	369
  13553	0|4|6|6|2|7|9	239
  13436	1|4|9|4|1|13|4	1360
  13366	1|4|10|4|0|5|12	1369
  13356	0|5|6|4|2|5|13	586
  13330	1|4|5|4|5|11|6	1075
  13327	1|4|5|4|5|7|10	1071
  13158	1|4|5|5|4|5|11	1101
  13125	0|4|1|6|1|15|7	23
  13117	0|5|5|7|0|6|9	566
  13104	1|5|5|6|1|6|9	1602
  13071	1|4|1|6|0|14|8	905
  13055	0|6|4|6|0|12|4	741
  13042	1|4|10|4|0|15|2	1374
  13035	0|4|9|4|1|13|5	385
  12929	0|4|8|5|1|9|8	359
  12925	0|4|8|5|1|10|7	360
  12919	0|6|6|4|0|10|8	772
  12918	0|6|5|5|0|12|5	763
  12874	0|4|7|5|2|12|5	308
  12771	1|4|7|5|2|5|11	1286
  12757	0|4|7|4|3|13|5	287
  12749	1|5|7|5|0|5|11	1678
  12696	0|6|1|4|1|13|9	657
  12657	0|4|10|4|0|13|5	407
  12640	0|5|5|6|1|8|8	557
  12640	0|4|7|5|2|7|10	303
  12505	1|5|3|7|2|13|1	1459
  12488	0|4|7|6|1|5|11	312
  12487	0|4|8|6|0|14|2	375
  12472	1|6|1|6|3|5|10	1734
  12432	0|4|7|5|2|14|3	310
  12392	0|4|2|4|3|15|8	50
  12257	0|5|7|4|1|8|10	622
  12243	1|6|5|4|1|6|11	1869
  12208	0|4|7|4|3|14|4	288
  12142	0|4|3|6|3|9|9	107
  12138	0|7|4|4|0|13|5	840
  12117	1|4|7|4|3|7|10	1266
  12041	1|6|5|4|1|8|9	1871
  12026	0|4|8|5|1|12|5	362
  12025	0|5|6|6|0|10|6	613
  12012	1|6|1|5|4|6|10	1732
  11960	0|4|3|5|0|14|9	94
  11834	0|4|7|6|1|6|10	313
  11762	0|4|8|5|1|8|9	358
  11739	1|5|4|6|2|15|0	1537
  11739	1|4|8|4|0|5|14	1313
  11567	0|7|3|5|0|7|10	822
  11471	1|6|5|5|0|7|9	1881
  11440	1|7|2|4|0|5|14	1959
  11425	1|6|5|5|0|5|11	1879
  11389	1|4|8|4|2|5|12	1324
  11368	1|5|4|7|1|14|0	1547
  11322	1|5|1|4|2|13|9	1383
  11178	0|6|6|4|0|12|6	774
  11162	0|4|1|6|5|11|7	29
  11131	0|4|8|4|2|13|5	352
  11083	0|5|2|4|0|15|9	443
  10616	0|4|6|7|1|10|5	253
  10614	1|4|8|4|2|9|8	1328
  10611	0|5|7|5|0|14|3	639
  10607	1|5|7|4|1|6|11	1668
  10557	1|5|5|5|2|9|7	1594
  10509	0|5|6|5|1|8|9	600
  10483	0|7|3|4|1|8|10	812
  10403	1|4|4|7|3|14|0	1036
  10326	1|5|4|4|4|6|11	1484
  10312	0|5|5|4|3|12|6	528
  10296	0|7|1|5|0|9|10	797
  10224	1|4|8|5|1|8|8	1338
  10146	0|4|6|6|2|11|5	243
  10033	0|6|4|6|0|9|7	738
   9968	1|4|2|5|0|14|9	940
   9954	0|5|8|4|0|14|4	650
   9908	0|5|5|5|2|12|5	550
   9875	0|5|1|4|3|14|8	415
   9873	0|4|7|6|1|10|6	317
   9830	1|6|5|5|0|6|10	1880
   9809	1|4|4|7|3|13|1	1035
   9791	0|7|3|5|0|14|3	829
   9783	0|5|6|4|2|7|11	588
   9779	1|4|6|4|4|6|11	1185
   9738	1|5|6|6|0|6|9	1656
   9675	0|6|5|4|1|8|10	748
   9654	1|4|5|5|4|8|8	1104
   9515	1|5|6|5|1|14|2	1653
   9514	1|5|8|4|0|8|9	1694
   9479	1|4|6|6|2|15|0	1238
   9371	0|4|3|4|1|15|9	86
   9292	0|6|5|4|1|15|3	755
   9153	1|4|10|6|5|8|0	1376
   9030	0|6|4|4|2|8|10	715
   9016	0|5|6|4|2|15|3	596
   9014	0|5|6|6|0|8|8	611
   9001	1|4|7|4|3|5|12	1264
   8941	1|5|5|6|1|9|6	1605
   8920	0|6|3|4|3|5|13	692
   8914	1|5|4|5|1|5|13	1494
   8785	0|4|3|4|2|14|9	88
   8695	1|4|6|4|4|7|10	1186
   8687	1|6|6|4|0|14|3	1905
   8661	1|4|6|7|1|14|0	1248
   8608	0|4|6|5|3|10|7	220
   8534	1|4|7|5|2|9|7	1290
   8495	1|5|3|6|3|14|1	1455
   8461	1|4|5|5|4|7|9	1103
   8446	0|5|6|5|1|15|2	607
   8431	0|5|6|4|2|12|6	593
   8416	0|4|5|8|1|13|1	173
   8410	0|6|4|4|2|13|5	720
   8327	1|4|9|5|0|7|9	1365
   8220	0|4|7|7|0|14|1	332
   8220	0|4|10|4|0|11|7	405
   8154	0|4|5|8|1|14|0	174
   8114	0|5|2|6|2|9|9	462
   8080	0|6|4|4|2|12|6	719
   8045	1|4|6|4|4|14|3	1193
   8031	1|5|1|5|0|13|9	1389
   8011	0|6|4|5|1|12|5	730
   7973	1|4|2|4|1|15|9	930
   7969	1|4|6|4|4|5|12	1184
   7933	1|5|3|7|2|14|0	1460
   7930	1|4|7|5|2|15|1	1296
   7928	1|4|8|5|1|13|3	1343
   7906	1|4|9|4|1|9|8	1356
   7903	0|6|5|4|1|6|12	746
   7870	1|4|9|4|1|11|6	1358
   7866	0|5|1|5|2|13|8	423
   7836	1|6|5|5|0|15|1	1889
   7835	0|4|1|8|3|9|7	44
   7833	0|4|7|6|1|14|2	321
   7820	0|6|4|4|2|14|4	721
   7786	0|5|7|4|1|6|12	620
   7752	0|5|2|4|1|14|9	445
   7732	1|4|6|5|3|7|9	1208
   7730	0|5|7|4|1|10|8	624
   7694	1|5|2|5|3|5|13	1427
   7691	1|4|8|4|2|15|2	1334
   7679	0|4|1|7|0|14|7	31
   7671	0|5|7|5|0|10|7	635
   7655	0|7|3|5|0|13|4	828
   7653	1|4|7|6|1|14|1	1306
   7640	0|4|8|4|2|12|6	351
   7632	0|5|6|6|0|6|10	609
   7601	1|4|6|5|3|5|11	1206
   7584	1|5|5|6|1|14|1	1610
   7498	0|4|7|7|0|7|8	325
   7477	0|5|7|5|0|12|5	637
   7467	0|4|9|4|1|12|6	384
   7366	0|5|4|8|0|13|1	509
   7356	1|5|6|4|2|6|11	1634
   7343	0|5|5|6|1|12|4	561
   7311	1|4|7|5|2|6|10	1287
   7284	1|4|8|4|2|14|3	1333
   7276	0|6|6|4|0|13|5	775
   7176	1|4|8|5|1|7|9	1337
   7172	1|5|7|5|0|15|1	1688
   7083	0|4|2|6|0|14|8	65
   7081	1|5|8|4|0|14|3	1700
   7063	1|4|5|7|2|9|5	1149
   7043	0|4|7|7|0|5|10	323
   7001	1|7|4|4|0|7|10	2027
   6969	1|6|4|6|0|6|9	1855
   6929	1|4|7|4|3|9|8	1268
   6857	0|4|6|8|0|5|9	259
   6849	0|5|6|4|2|10|8	591
   6830	1|5|7|5|0|7|9	1680
   6825	1|4|6|6|2|9|6	1232
   6673	0|5|5|6|1|5|11	554
   6624	1|5|8|4|0|7|10	1693
   6622	1|4|5|5|4|13|3	1109
   6595	1|5|4|5|3|5|11	1505
   6568	1|4|5|4|5|13|4	1077
   6566	0|5|6|5|1|6|11	598
   6530	1|4|5|4|5|12|5	1076
   6529	1|5|7|4|1|9|8	1671
   6466	0|4|7|5|2|13|4	309
   6362	1|6|6|4|0|15|2	1906
   6336	0|5|4|4|4|5|13	497
   6296	0|4|8|6|0|12|4	373
   6284	0|4|8|6|0|9|7	370
   6229	0|5|1|6|1|12|8	431
   6197	0|4|8|6|0|11|5	372
   6088	1|4|7|4|3|13|4	1272
   6055	0|5|7|5|0|11|6	636
   6042	0|6|5|4|1|14|4	754
   6040	1|4|5|6|3|10|5	1128
   6030	1|5|1|4|1|14|9	1381
   6016	1|4|6|7|1|6|8	1240
   6016	0|5|6|6|0|14|2	617
   6013	1|4|7|5|2|14|2	1295
   6009	1|4|6|5|3|14|2	1215
   5998	0|7|3|4|1|12|6	816
   5967	1|4|3|5|4|5|13	989
   5960	1|7|1|6|1|14|1	1955
   5948	0|6|5|5|0|14|3	765
   5890	1|5|6|5|1|5|11	1644
   5857	0|5|7|4|1|14|4	628
   5852	1|4|6|4|4|9|8	1188
   5850	1|5|6|4|2|7|10	1635
   5844	0|5|6|5|1|14|3	606
   5843	1|4|8|4|2|13|4	1332
   5836	0|6|1|4|5|5|13	660
   5833	0|4|1|4|1|15|11	2
   5824	1|4|6|5|1|5|13	1195
   5815	1|6|1|4|3|5|14	1723
   5786	1|5|4|4|4|14|3	1492
   5744	0|5|7|4|1|9|9	623
   5689	1|5|4|4|4|8|9	1486
   5583	0|5|5|5|2|14|3	552
   5576	0|4|8|6|0|10|6	371
   5545	0|4|3|7|2|8|9	111
   5538	1|5|6|5|1|6|10	1645
   5497	1|5|8|4|0|5|12	1691
   5468	0|5|6|4|2|6|12	587
   5452	0|5|1|7|0|11|8	436
   5431	1|7|1|5|2|5|11	1953
   5422	1|8|1|5|0|14|2	2056
   5400	1|4|8|6|0|11|4	1349
   5388	0|5|6|4|0|7|13	577
   5362	0|4|6|5|3|13|4	223
   5360	1|5|5|4|3|8|9	1571
   5359	1|5|8|4|0|13|4	1699
   5358	0|6|5|5|0|13|4	764
   5316	1|5|6|4|2|14|3	1642
   5294	0|4|8|4|2|11|7	350
   5287	0|4|3|5|1|13|9	96
   5183	1|6|6|4|0|7|10	1898
   5168	0|6|6|4|0|11|7	773
   5142	0|4|2|5|2|14|8	59
   5115	0|5|5|4|3|8|10	524
   5106	0|5|6|4|2|8|10	589
   5056	1|6|3|5|2|8|8	1790
   5036	0|4|1|5|3|15|7	16
   5025	1|4|7|7|0|11|3	1311
   4978	1|4|10|6|6|7|0	1377
   4970	0|4|9|5|0|10|7	393
   4964	1|5|7|4|1|8|9	1670
   4929	1|5|6|4|2|15|2	1643
   4925	0|4|6|4|4|11|7	199
   4916	1|5|4|4|4|9|8	1487
   4881	0|7|3|5|0|11|6	826
   4880	0|4|2|7|3|9|8	78
   4879	0|4|6|5|3|11|6	221
   4857	0|5|10|6|5|7|0	653
   4853	0|4|3|4|3|13|9	90
   4825	1|5|5|4|3|15|2	1578
   4815	0|4|1|4|1|14|12	1
   4801	1|6|2|6|2|14|1	1748
   4788	1|4|7|5|2|13|3	1294
   4779	1|4|5|7|2|14|0	1154
   4712	1|6|2|4|2|5|14	1739
   4683	0|5|6|4|2|13|5	594
   4680	0|4|6|6|2|12|4	244
   4679	1|4|7|5|2|11|5	1292
   4664	0|6|1|5|0|12|9	663
   4647	1|4|1|5|3|13|8	899
   4610	0|4|7|6|1|12|4	319
   4597	0|4|7|5|2|11|6	307
   4595	0|6|4|5|1|14|3	732
   4558	0|5|6|4|2|14|4	595
   4556	0|4|2|6|2|12|8	69
   4537	1|5|6|6|0|5|10	1655
   4530	1|5|1|5|1|12|9	1391
   4479	1|6|3|4|3|6|11	1766
   4467	0|4|7|7|0|10|5	328
   4466	1|4|5|6|3|7|8	1125
   4457	1|4|1|6|1|13|8	907
   4436	1|6|2|7|1|13|1	1750
   4431	0|4|3|5|2|12|9	98
   4393	1|7|4|4|0|6|11	2026
   4393	1|7|1|5|0|5|13	1951
   4391	1|5|5|7|0|5|9	1612
   4388	0|4|2|4|4|14|8	52
   4357	1|5|7|5|0|11|5	1684
   4347	1|4|5|7|2|5|9	1145
   4340	0|5|5|7|0|8|7	568
   4333	0|5|7|4|1|13|5	627
   4329	1|6|4|5|1|5|11	1843
   4277	1|4|7|6|1|7|8	1299
   4264	1|5|4|7|1|6|8	1539
   4262	1|7|1|4|3|6|11	1950
   4255	1|6|4|4|2|15|2	1842
   4251	1|6|4|4|2|8|9	1835
   4249	0|5|5|4|3|13|5	529
   4242	0|4|6|6|2|10|6	242
   4229	1|5|7|5|0|13|3	1686
   4228	1|6|2|7|1|14|0	1751
   4217	1|4|4|8|2|12|1	1039
   4197	0|5|6|5|1|7|10	599
   4175	0|4|7|5|2|10|7	306
   4149	1|4|2|4|3|13|9	934
   4146	1|4|6|5|3|13|3	1214
   4128	1|4|7|4|3|8|9	1267
   4127	1|4|5|8|1|13|0	1163
   4126	1|6|4|6|0|15|0	1864
   4102	1|5|7|5|0|6|10	1679
   4101	1|6|5|5|0|14|2	1888
   4096	1|5|8|4|0|12|5	1698
   4088	1|4|9|5|0|6|10	1364
   4036	1|7|4|4|0|14|3	2034
   4012	1|5|5|4|1|5|14	1557
   3991	0|7|3|4|1|13|5	817
   3986	1|5|7|4|1|5|12	1667
   3973	1|4|6|6|2|6|9	1229
   3964	1|4|6|5|3|11|5	1212
   3961	1|6|6|4|0|8|9	1899
   3949	0|5|6|5|1|12|5	604
   3926	1|4|8|4|2|8|9	1327
   3906	1|5|6|6|0|7|8	1657
   3892	1|4|6|8|0|11|2	1252
   3877	0|6|5|4|1|10|8	750
   3862	1|4|1|5|2|14|8	897
   3825	0|6|4|4|0|9|11	705
   3823	1|4|8|4|2|12|5	1331
   3821	0|5|5|4|3|14|4	530
   3809	1|5|8|4|0|11|6	1697
   3774	0|5|8|4|0|12|6	648
   3759	1|4|4|8|2|13|0	1040
   3755	1|6|4|5|1|6|10	1844
   3754	1|8|2|4|0|8|9	2061
   3731	1|4|7|6|1|13|2	1305
   3718	0|4|8|4|0|12|8	340
   3714	0|4|8|4|0|7|13	335
   3712	1|5|7|5|0|8|8	1681
   3700	1|8|2|4|0|13|4	2066
   3690	0|5|5|5|2|13|4	551
   3679	1|4|9|4|1|10|7	1357
   3675	1|5|6|5|1|8|8	1647
   3633	0|6|4|6|0|6|10	735
   3625	0|5|1|5|6|5|12	426
   3624	0|5|7|5|0|13|4	638
   3620	0|4|7|5|2|9|8	305
   3613	0|4|6|4|2|12|8	189
   3608	0|4|1|7|2|12|7	35
   3601	0|5|6|6|0|12|4	615
   3595	1|4|6|5|3|6|10	1207
   3594	0|4|9|5|0|13|4	396
   3588	1|5|4|6|2|6|9	1528
   3587	1|6|5|4|1|5|12	1868
   3566	1|5|1|6|0|11|9	1398
   3543	0|4|6|4|2|9|11	186
   3540	1|7|1|5|2|15|1	1954
   3529	0|6|4|5|1|10|7	728
   3526	1|4|5|6|3|6|9	1124
   3526	0|4|6|8|0|7|7	261
   3523	1|5|5|5|2|13|3	1598
   3523	1|4|6|4|4|13|4	1192
   3523	0|4|6|5|1|14|5	213
   3512	1|4|5|5|4|6|10	1102
   3474	1|6|6|4|0|12|5	1903
   3464	1|6|3|4|3|9|8	1769
   3454	1|5|4|5|3|7|9	1507
   3454	0|4|1|4|3|12|12	5
   3445	0|4|7|5|0|6|13	291
   3437	1|4|7|5|2|8|8	1289
   3432	0|5|6|4|0|11|9	581
   3408	1|5|4|5|3|8|8	1508
   3365	0|5|5|5|2|7|10	545
   3351	1|4|8|6|0|7|8	1348
   3337	0|4|1|5|4|14|7	18
   3288	0|6|4|4|0|12|8	708
   3265	1|6|3|6|1|6|9	1799
   3230	0|4|6|6|2|13|3	245
   3225	1|4|7|5|0|5|13	1275
   3211	0|4|7|7|0|12|3	330
   3208	0|4|6|7|1|12|3	255
   3203	1|5|4|5|3|11|5	1511
   3203	0|4|8|5|1|11|6	361
   3176	1|5|5|4|3|9|8	1572
   3171	0|5|5|5|2|10|7	548
   3162	0|4|2|8|2|8|8	82
   3159	1|4|7|4|3|12|5	1271
   3154	0|6|4|6|0|10|6	739
   3148	1|6|3|4|3|14|3	1774
   3137	0|5|5|5|0|14|5	541
   3133	1|5|4|6|2|7|8	1529
   3127	1|4|5|8|1|6|7	1156
   3127	1|4|2|4|2|14|9	932
   3110	1|4|8|6|0|5|10	1346
   3109	1|5|5|4|3|6|11	1569
   3108	1|4|5|7|2|6|8	1146
   3103	0|4|7|6|1|8|8	315
   3099	1|5|5|5|2|15|1	1600
   3096	0|5|6|6|0|11|5	614
   3081	0|4|7|4|1|7|13	270
   3072	0|4|8|5|1|13|4	363
   3069	1|8|1|5|0|15|1	2057
   3069	1|7|1|6|1|15|0	1956
   3057	0|6|5|5|0|11|6	762
   3054	1|5|5|5|0|5|13	1579
   3044	1|4|5|5|2|5|13	1090
   2997	1|4|2|6|0|12|9	950
   2990	0|4|2|5|1|15|8	57
   2975	1|5|5|4|3|11|6	1574
   2973	1|4|7|6|1|8|7	1300
   2950	1|6|3|5|2|5|11	1787
   2950	0|5|5|7|0|12|3	572
   2934	0|5|6|5|1|13|4	605
   2933	1|5|5|4|3|14|3	1577
   2926	0|5|7|4|1|12|6	626
   2923	1|6|6|4|0|9|8	1900
   2908	0|4|7|5|0|10|9	295
   2899	1|5|5|4|3|7|10	1570
   2878	1|6|4|4|2|6|11	1833
   2853	0|4|1|7|1|13|7	33
   2845	0|6|4|4|0|11|9	707
   2840	1|4|5|5|4|9|7	1105
   2837	1|4|7|4|3|11|6	1270
   2831	1|5|3|4|3|5|14	1443
   2816	1|4|7|6|1|11|4	1303
   2812	0|4|7|7|0|9|6	327
   2811	0|4|7|4|1|11|9	274
   2798	1|4|7|7|0|5|9	1308
   2796	1|7|2|4|2|6|11	1971
   2794	1|6|3|7|0|6|8	1810
   2787	1|7|2|6|0|15|0	2002
   2779	1|4|7|6|1|10|5	1302
   2761	1|4|6|4|4|12|5	1191
   2735	1|7|4|4|0|11|6	2031
   2731	0|4|8|6|0|13|3	374
   2725	0|4|6|8|0|12|2	266
   2722	0|4|7|6|1|11|5	318
   2717	1|5|4|4|4|11|6	1489
   2698	1|8|1|4|1|6|11	2037
   2694	1|6|5|4|1|9|8	1872
   2690	1|4|1|7|1|11|8	917
   2681	0|5|6|5|1|5|12	597
   2664	1|5|5|5|2|7|9	1592
   2660	1|5|5|4|3|5|12	1568
   2650	1|6|3|4|3|8|9	1768
   2648	0|6|5|4|1|12|6	752
   2621	1|4|4|4|4|5|14	1013
   2620	1|6|4|6|0|14|1	1863
   2611	1|4|6|6|2|14|1	1237
   2569	1|5|10|5|4|8|1	1714
   2553	1|5|6|4|2|13|4	1641
   2553	1|5|5|5|2|14|2	1599
   2547	0|5|5|7|0|5|10	565
   2540	1|4|7|4|3|10|7	1269
   2533	0|7|4|4|0|11|7	838
   2524	1|5|9|6|4|8|0	1709
   2511	1|4|6|5|3|10|6	1211
   2509	1|6|4|5|1|11|5	1849
   2495	1|5|5|5|2|5|11	1590
   2481	1|4|8|6|0|6|9	1347
   2476	1|4|6|7|1|9|5	1243
   2471	1|4|7|4|1|5|14	1253
   2468	0|5|8|4|0|11|7	647
   2462	1|5|8|4|0|9|8	1695
   2462	1|5|6|5|1|7|9	1646
   2459	1|7|1|7|0|13|1	1957
   2451	0|4|1|4|4|12|11	8
   2435	0|5|5|7|0|11|4	571
   2432	0|6|4|4|0|7|13	703
   2432	0|5|5|6|1|11|5	560
   2430	1|4|5|6|3|5|10	1123
   2429	0|6|5|5|0|10|7	761
   2407	1|5|6|5|1|13|3	1652
   2405	1|4|8|4|2|11|6	1330
   2395	1|5|6|4|2|5|12	1633
   2386	0|4|7|5|0|8|11	293
   2376	1|4|6|6|2|13|2	1236
   2362	0|4|6|7|1|5|10	248
   2353	1|7|3|5|0|7|9	2016
   2336	1|4|5|8|1|11|2	1161
   2324	1|5|6|4|2|12|5	1640
   2323	1|4|7|5|2|7|9	1288
   2311	0|4|1|4|2|14|11	4
   2300	1|8|1|4|1|9|8	2040
   2287	1|4|6|7|1|13|1	1247
   2263	1|7|4|4|0|8|9	2028
   2252	1|4|2|5|1|13|9	942
   2251	0|4|8|4|0|9|11	337
   2249	1|6|3|5|2|7|9	1789
   2232	0|4|1|4|2|13|12	3
   2214	1|7|4|4|0|15|2	2035
   2205	1|4|6|6|2|5|10	1228
   2201	0|4|2|6|1|13|8	67
   2197	0|4|9|5|0|11|6	394
   2194	1|5|5|7|0|14|0	1621
   2185	1|5|6|4|2|8|9	1636
   2185	0|4|3|8|1|7|9	113
   2171	1|6|3|7|0|14|0	1818
   2157	0|4|6|4|2|11|9	188
   2154	1|4|6|6|2|10|5	1233
   2144	1|4|1|6|2|12|8	909
   2143	1|6|2|5|1|5|13	1743
   2134	0|4|7|7|0|13|2	331
   2103	1|6|5|4|1|14|3	1877
   2067	1|7|4|4|0|13|4	2033
   2037	0|6|4|5|1|7|10	725
   2031	1|8|2|4|0|6|11	2059
   2031	1|7|2|4|2|9|8	1974
   2026	0|4|6|4|2|7|13	184
   2022	0|5|5|5|0|11|8	538
   2020	0|6|4|6|0|13|3	742
   2004	1|8|2|4|0|15|2	2068
   2000	1|8|2|4|0|14|3	2067
   1992	0|5|6|4|0|9|11	579
   1982	1|6|3|6|1|10|5	1803
   1958	0|4|1|4|4|11|12	7
   1954	1|4|1|8|0|10|8	923
   1942	1|4|8|4|2|7|10	1326
   1942	0|5|5|5|0|10|9	537
   1936	1|7|3|5|0|12|4	2021
   1934	1|8|1|4|1|15|2	2046
   1932	1|4|5|4|5|10|7	1074
   1929	0|5|6|6|0|13|3	616
   1923	1|4|7|7|0|6|8	1309
   1923	0|5|2|4|2|13|9	447
   1909	1|5|4|4|4|7|10	1485
   1908	1|8|1|5|0|5|11	2047
   1901	0|4|1|4|3|13|11	6
   1899	1|4|7|5|2|10|6	1291
   1898	0|4|1|6|2|14|7	25
   1895	1|6|5|5|0|13|3	1887
   1883	1|5|7|4|1|13|4	1675
   1882	0|4|4|5|3|6|13	136
   1877	1|4|7|6|1|9|6	1301
   1874	1|4|6|4|2|5|14	1173
   1861	0|5|5|5|0|8|11	535
   1851	0|5|5|4|3|11|7	527
   1850	1|7|4|4|0|12|5	2032
   1836	0|4|1|8|1|11|7	42
   1827	0|4|2|5|3|13|8	61
   1814	1|6|4|6|0|7|8	1856
   1813	1|5|4|7|1|9|5	1542
   1811	1|5|9|6|5|7|0	1710
   1804	1|8|1|4|1|14|3	2045
   1792	1|5|5|5|2|6|10	1591
   1771	0|7|3|4|1|11|7	815
   1765	1|5|6|5|1|15|1	1654
   1756	1|7|2|5|1|5|11	1981
   1754	1|5|4|5|3|13|3	1513
   1753	0|5|5|4|1|12|8	517
   1736	1|5|6|5|1|9|7	1648
   1732	1|4|8|5|1|9|7	1339
   1727	0|4|7|7|0|8|7	326
   1725	0|6|10|5|4|7|1	789
   1723	1|5|5|5|2|11|5	1596
   1721	0|4|7|6|1|9|7	316
   1719	0|4|6|6|0|7|11	228
   1712	0|4|4|4|4|7|13	125
   1708	0|4|6|6|2|9|7	241
   1707	1|7|4|4|0|9|8	2029
   1707	1|6|5|5|0|8|8	1882
   1705	1|6|6|4|0|13|4	1904
   1701	1|4|1|7|0|12|8	915
   1698	0|5|5|7|0|9|6	569
   1696	0|4|8|4|0|8|12	336
   1693	1|5|6|4|2|9|8	1637
   1686	0|5|6|6|0|9|7	612
   1681	1|5|6|6|0|13|2	1663
   1675	1|4|5|6|3|9|6	1127
   1675	0|5|7|4|1|11|7	625
   1671	1|4|5|4|3|5|14	1058
   1667	0|6|4|5|1|13|4	731
   1666	1|4|5|7|0|5|11	1134
   1659	1|6|3|6|1|15|0	1808
   1652	1|4|6|6|2|11|4	1234
   1649	1|5|4|7|1|5|9	1538
   1643	0|4|6|6|0|13|5	234
   1619	0|5|5|4|1|9|11	514
   1616	1|5|5|7|0|13|1	1620
   1595	1|6|4|4|2|7|10	1834
   1592	0|4|6|5|1|11|8	210
   1583	1|6|5|5|0|9|7	1883
   1579	1|6|3|7|0|5|9	1809
   1577	0|5|2|6|0|11|9	460
   1550	1|4|5|5|4|12|4	1108
   1541	1|6|3|5|2|11|5	1793
   1532	0|4|6|8|0|10|4	264
   1509	1|4|5|5|4|10|6	1106
   1508	0|6|4|4|0|15|5	711
   1496	0|4|6|4|2|14|6	191
   1493	0|4|3|6|1|11|9	105
   1475	0|4|6|5|1|8|11	207
   1470	1|5|4|4|2|5|14	1472
   1465	0|4|8|4|0|11|9	339
   1457	1|8|1|4|1|8|9	2039
   1445	0|4|7|4|1|9|11	272
   1445	0|4|1|8|0|12|7	40
   1438	1|4|6|5|3|12|4	1213
   1437	1|6|4|5|1|15|1	1853
   1435	1|5|3|5|2|5|13	1450
   1434	0|4|6|8|0|8|6	262
   1429	0|5|5|6|1|6|10	555
   1428	0|5|5|4|1|14|6	519
   1424	1|6|3|4|3|11|6	1771
   1418	1|5|4|4|4|12|5	1490
   1418	0|4|8|4|0|10|10	338
   1417	1|4|6|8|0|7|6	1251
   1398	1|5|5|6|1|15|0	1611
   1393	1|7|3|5|0|13|3	2022
   1388	1|5|7|4|1|12|5	1674
   1385	0|4|7|4|1|15|5	278
   1383	0|4|6|5|1|6|13	205
   1375	1|6|4|6|0|5|10	1854
   1372	0|4|3|7|0|10|9	110
   1371	1|6|5|5|0|11|5	1885
   1371	0|4|6|7|1|9|6	252
   1370	1|5|4|4|4|13|4	1491
   1367	1|5|6|5|1|11|5	1650
   1360	1|6|4|4|2|5|12	1832
   1360	1|5|7|4|1|15|2	1677
   1358	1|6|3|4|1|5|14	1754
   1357	0|5|2|5|1|12|9	455
   1344	0|4|7|6|1|13|3	320
   1329	1|4|6|5|3|9|7	1210
   1322	0|5|5|4|1|11|9	516
   1315	0|5|6|4|0|8|12	578
   1313	0|5|6|4|0|14|6	584
   1306	1|8|1|5|0|8|8	2050
   1306	1|5|4|5|3|6|10	1506
   1301	1|5|5|7|0|6|8	1613
   1297	0|4|7|4|3|11|7	285
   1287	0|5|5|6|1|10|6	559
   1287	0|4|6|6|0|10|8	231
   1276	1|4|8|5|1|10|6	1340
   1274	0|6|4|4|0|6|14	702
   1268	1|4|6|7|1|11|3	1245
   1263	0|5|5|5|0|6|13	533
   1259	1|7|2|6|0|11|4	1998
   1255	0|4|6|5|1|10|9	209
   1253	1|6|3|6|1|9|6	1802
   1249	1|6|4|5|1|14|2	1852
   1248	1|4|4|5|3|5|13	1023
   1244	1|8|1|5|0|12|4	2054
   1239	1|6|3|6|1|11|4	1804
   1238	1|5|5|4|3|13|4	1576
   1229	1|6|3|7|0|9|5	1813
   1228	1|7|3|4|1|8|9	2006
   1221	0|4|7|7|0|11|4	329
   1217	0|4|1|6|3|13|7	27
   1208	1|7|1|7|0|14|0	1958
   1206	1|6|1|4|0|12|10	1719
   1198	1|6|4|5|1|8|8	1846
   1177	0|4|6|8|0|11|3	265
   1169	1|4|5|4|0|9|13	1042
   1169	0|4|6|4|2|10|10	187
   1166	0|4|7|4|1|6|14	269
   1165	1|5|5|5|2|12|4	1597
   1159	0|5|5|5|2|11|6	549
   1158	1|6|3|4|3|7|10	1767
   1156	1|5|4|5|3|12|4	1512
   1155	0|5|6|5|1|11|6	603
   1152	1|8|1|4|1|13|4	2044
   1151	1|4|6|6|0|5|12	1217
   1142	1|5|8|4|0|10|7	1696
   1136	1|7|2|6|0|6|9	1993
   1132	1|8|1|5|0|7|9	2049
   1132	1|4|5|7|2|11|3	1151
   1123	1|4|6|7|1|8|6	1242
   1111	1|7|2|6|0|7|8	1994
   1111	0|6|4|4|0|14|6	710
   1111	0|5|3|4|3|7|13	475
   1108	0|6|9|6|4|7|0	787
   1105	1|5|4|8|0|8|5	1551
   1095	0|5|6|5|1|9|8	601
   1091	1|5|5|4|3|12|5	1575
   1090	1|8|1|5|0|11|5	2053
   1087	1|7|3|5|0|15|1	2024
   1087	1|5|4|8|0|13|0	1556
   1087	1|5|4|5|3|9|7	1509
   1086	1|7|3|4|1|13|4	2011
   1079	1|4|5|8|1|12|1	1162
   1079	0|4|6|8|0|13|1	267
   1070	1|5|5|6|1|7|8	1603
   1063	1|4|5|6|3|11|4	1129
   1060	0|5|6|5|1|10|7	602
   1057	1|4|5|6|3|12|3	1130
   1055	0|6|4|5|1|11|6	729
   1049	1|6|3|4|3|13|4	1773
   1047	1|8|1|4|1|5|12	2036
   1046	0|4|1|6|0|12|11	21
   1043	1|5|5|7|0|7|7	1614
   1039	1|6|4|4|2|13|4	1840
   1037	0|5|6|4|0|10|10	580
   1036	1|5|5|6|1|5|10	1601
   1035	0|6|4|4|0|10|10	706
   1034	0|4|2|7|1|11|8	76
   1030	1|7|3|5|0|14|2	2023
   1030	1|6|4|4|2|14|3	1841
   1028	1|8|2|4|0|11|6	2064
   1020	0|5|3|5|2|6|13	483
   1014	0|5|2|4|6|5|13	450
   1013	1|5|6|6|0|8|7	1658
   1013	1|5|6|6|0|12|3	1662
   1006	1|7|3|5|0|5|11	2014
    999	0|5|5|4|1|7|13	512
    990	1|5|3|8|1|13|0	1462
    989	0|4|6|4|0|14|8	181
    987	0|5|6|4|0|6|14	576
    986	1|4|2|5|2|12|9	944
    983	1|6|6|4|0|11|6	1902
    983	1|6|4|6|0|10|5	1859
    976	0|6|5|4|1|13|5	753
    973	1|8|2|4|0|12|5	2065
    957	1|8|2|4|0|7|10	2060
    949	1|5|6|4|2|11|6	1639
    945	1|7|3|4|1|9|8	2007
    943	1|5|4|8|0|5|8	1548
    939	1|5|7|4|1|7|10	1669
    938	1|6|5|4|1|15|2	1878
    932	0|5|5|6|1|13|3	562
    918	0|5|6|4|0|12|8	582
    913	0|4|7|4|1|14|6	277
    909	1|4|7|7|0|7|7	1310
    907	1|6|5|4|1|13|4	1876
    896	1|7|4|4|0|10|7	2030
    894	0|4|5|4|3|7|13	155
    888	0|5|5|4|1|15|5	520
    854	1|4|7|5|2|12|4	1293
    839	1|8|1|4|1|11|6	2042
    837	0|4|6|6|0|5|13	226
    836	1|7|3|5|0|6|10	2015
    833	1|4|6|7|1|7|7	1241
    826	1|6|4|4|2|11|6	1838
    812	1|7|2|4|2|13|4	1978
    809	0|4|6|6|0|12|6	233
    808	1|6|3|5|2|9|7	1791
    797	1|6|9|5|3|8|1	1941
    797	1|6|10|4|4|7|2	1945
    797	1|5|7|5|0|12|4	1685
    795	1|7|2|4|2|8|9	1973
    794	0|6|4|4|2|11|7	718
    791	0|4|6|4|2|15|5	192
    788	1|5|6|6|0|10|5	1660
    787	1|6|5|4|1|10|7	1873
    786	1|7|2|4|2|14|3	1979
    782	0|7|1|4|1|7|13	791
    778	1|4|5|8|1|10|3	1160
    777	1|7|2|5|1|8|8	1984
    772	1|6|4|4|2|9|8	1836
    764	1|5|5|7|0|8|6	1615
    762	0|5|4|4|2|7|13	495
    746	1|5|4|6|2|11|4	1533
    742	0|4|1|4|5|11|11	10
    737	1|4|3|4|0|11|13	966
    735	1|4|2|6|1|11|9	952
    731	1|6|3|5|2|6|10	1788
    729	0|5|6|4|0|15|5	585
    720	0|4|1|4|5|10|12	9
    719	1|5|5|7|0|9|5	1616
    719	0|4|7|4|1|10|10	273
    714	1|4|6|5|3|8|8	1209
    710	0|4|9|4|1|11|7	383
    708	0|4|8|4|0|6|14	334
    705	1|4|5|8|1|9|4	1159
    705	0|4|5|4|0|10|13	149
    699	0|5|5|4|1|10|10	515
    697	0|4|8|4|0|13|7	341
    689	1|7|2|6|0|10|5	1997
    688	1|4|5|4|0|14|8	1047
    678	0|6|2|4|2|7|13	677
    674	1|4|5|8|1|7|6	1157
    669	0|4|6|6|0|8|10	229
    668	0|5|6|4|2|11|7	592
    654	1|6|3|6|1|5|10	1798
    653	1|6|3|6|1|8|7	1801
    652	1|5|5|7|0|12|2	1619
    648	1|6|3|5|2|13|3	1795
    642	1|8|2|4|0|9|8	2062
    642	1|6|4|6|0|11|4	1860
    642	0|4|4|4|0|11|13	116
    632	0|4|7|4|1|8|12	271
    631	0|5|3|4|0|10|13	469
    622	1|7|4|4|0|5|12	2025
    620	1|4|5|7|2|8|6	1148
    616	1|7|3|5|0|8|8	2017
    616	1|4|6|6|2|7|8	1230
    609	1|6|8|6|3|8|0	1935
    608	1|5|5|6|1|13|2	1609
    605	0|4|4|6|2|5|13	142
    604	0|5|5|5|0|9|10	536
    594	1|6|5|5|0|10|6	1884
    587	1|6|2|8|0|13|0	1753
    581	1|7|3|4|1|5|12	2003
    581	1|6|6|4|0|10|7	1901
    581	1|6|10|4|3|8|2	1944
    581	1|4|6|6|2|8|7	1231
    575	1|7|3|5|0|11|5	2020
    561	0|6|7|6|6|7|0	780
    559	0|4|1|5|6|8|11	19
    556	1|8|1|5|0|13|3	2055
    551	0|4|7|5|0|7|12	292
    550	0|4|7|5|0|14|5	299
    548	0|5|1|4|2|11|12	412
    545	1|6|4|5|1|9|7	1847
    545	1|6|4|4|2|12|5	1839
    544	0|4|4|4|1|10|13	119
    543	1|7|2|4|2|7|10	1972
    541	0|4|7|5|0|5|14	290
    539	0|4|6|7|1|11|4	254
    535	1|4|5|4|0|12|10	1045
    534	1|6|3|4|3|12|5	1772
    532	1|4|5|4|0|13|9	1046
    527	0|6|2|5|1|6|13	682
    526	0|4|5|4|1|9|13	152
    520	0|4|6|4|2|6|14	183
    519	0|6|1|4|3|7|13	658
    516	0|4|6|6|0|9|9	230
    515	1|5|6|4|2|10|7	1638
    513	1|6|2|8|0|12|1	1752
    510	1|6|5|4|1|11|6	1874
    510	0|4|7|5|0|13|6	298
    508	1|5|5|6|1|11|4	1607
    506	1|5|9|4|6|8|2	1705
    506	1|4|1|4|4|10|12	889
    504	0|7|2|4|0|7|13	802
    499	1|6|1|4|0|9|13	1718
    498	1|6|4|6|0|13|2	1862
    493	1|5|7|4|1|11|6	1673
    483	1|5|6|6|0|11|4	1661
    474	0|4|1|5|0|14|11	12
    471	1|8|2|4|0|5|12	2058
    470	1|7|2|5|1|7|9	1983
    463	1|5|7|5|0|9|7	1682
    463	0|4|6|4|0|13|9	180
    462	1|6|8|6|4|7|0	1936
    462	0|5|1|5|4|7|12	424
    457	0|5|5|4|1|6|14	511
    454	0|4|6|7|1|8|7	251
    452	1|7|3|4|1|6|11	2004
    449	1|5|3|8|1|12|1	1461
    446	0|4|2|8|0|10|8	81
    434	0|5|5|5|0|15|4	542
    433	1|6|3|7|0|11|3	1815
    427	1|5|4|6|2|10|5	1532
    426	1|5|4|4|4|10|7	1488
    426	0|4|6|5|1|9|10	208
    423	1|5|7|5|0|10|6	1683
    420	1|5|7|6|6|8|0	1690
    420	0|4|7|5|0|9|10	294
    416	1|7|2|4|2|11|6	1976
    407	1|4|6|4|4|10|7	1189
    401	1|5|5|7|0|11|3	1618
    395	0|6|3|4|1|7|13	690
    394	1|4|5|4|0|11|11	1044
    394	0|5|5|6|1|9|7	558
    393	1|7|2|4|2|12|5	1977
    388	1|5|4|6|2|5|10	1527
    382	1|5|8|5|6|8|1	1703
    382	1|5|10|5|5|7|1	1715
    380	1|6|4|6|0|9|6	1858
    378	0|7|2|4|0|6|14	801
    373	1|5|6|6|0|9|6	1659
    372	1|6|3|7|0|7|7	1811
    368	0|4|6|5|1|15|4	214
    365	1|8|1|4|1|7|10	2038
    364	1|7|2|5|1|11|5	1987
    364	1|6|3|7|0|10|4	1814
    364	1|4|6|8|0|5|8	1249
    361	0|5|3|6|1|5|13	486
    358	1|6|4|6|0|12|3	1861
    357	1|6|5|4|1|12|5	1875
    356	1|4|2|7|0|10|9	958
    356	0|4|4|5|0|9|13	130
    355	1|5|3|4|0|9|13	1438
    354	1|4|3|5|1|8|13	984
    354	0|6|3|5|0|6|13	695
    347	1|5|4|7|1|8|6	1541
    347	0|7|9|5|3|7|1	868
    341	1|8|1|5|0|10|6	2052
    341	1|7|2|6|0|9|6	1996
    341	1|6|3|7|0|8|6	1812
    341	1|4|6|7|1|10|4	1244
    339	0|4|6|4|0|9|13	176
    335	1|5|4|6|2|12|3	1534
    332	1|6|5|5|0|12|4	1886
    325	0|4|4|4|1|9|14	118
    323	0|4|6|6|0|14|4	235
    321	1|6|3|5|2|12|4	1794
    320	0|6|4|4|0|13|7	709
    316	1|6|9|5|4|7|1	1942
    312	1|4|5|7|2|10|4	1150
    312	0|4|6|4|2|13|7	190
    308	1|7|3|5|0|10|6	2019
    308	1|5|4|8|0|9|4	1552
    308	0|6|8|5|6|7|1	782
    308	0|5|1|4|5|8|12	416
    307	0|7|1|5|0|6|13	796
    306	1|7|3|4|1|7|10	2005
    306	1|4|6|6|2|12|3	1235
    304	1|5|6|5|1|10|6	1649
    304	1|4|8|4|2|10|7	1329
    301	1|6|4|5|1|13|3	1851
    298	1|5|4|8|0|7|6	1550
    298	0|6|2|4|2|6|14	676
    294	1|5|5|6|1|10|5	1606
    293	1|8|1|5|0|6|10	2048
    288	0|4|7|5|0|12|7	297
    283	1|5|2|5|0|8|13	1422
    282	1|4|1|6|5|5|12	912
    281	0|4|2|4|0|14|12	46
    280	0|5|5|5|0|13|6	540
    277	1|5|4|7|1|11|3	1544
    275	1|4|3|5|0|9|13	981
    273	0|6|3|4|1|6|14	689
    271	1|6|4|5|1|12|4	1850
    271	0|5|3|4|3|6|14	474
    269	0|4|5|4|3|6|14	154
    266	0|5|5|5|0|12|7	539
    263	1|5|4|6|2|9|6	1531
    262	1|4|3|4|2|9|13	972
    262	0|5|1|4|0|13|12	410
    260	1|7|2|5|1|9|7	1985
    259	1|5|5|5|2|8|8	1593
    258	1|4|5|6|3|8|7	1126
    254	1|4|6|8|0|6|7	1250
    253	1|6|3|4|3|10|7	1770
    252	1|5|4|8|0|6|7	1549
    250	0|4|1|6|5|7|11	28
    245	0|4|7|4|1|12|8	275
    244	1|8|1|4|1|12|5	2043
    244	1|5|4|5|3|10|6	1510
    243	0|4|4|4|2|9|13	122
    240	1|7|2|6|0|12|3	1999
    237	0|4|5|5|2|6|13	163
    235	1|5|5|4|3|10|7	1573
    235	0|7|10|4|3|7|2	869
    231	0|5|5|5|0|5|14	532
    227	0|5|4|5|1|6|13	500
    226	0|5|5|4|1|13|7	518
    224	1|5|8|5|6|7|2	1702
    223	0|7|8|6|3|7|0	866
    221	0|4|5|5|2|5|14	162
    219	0|6|5|4|1|11|7	751
    218	1|5|2|4|0|10|13	1409
    218	0|5|4|4|2|6|14	494
    209	1|4|5|7|2|7|7	1147
    205	1|5|5|5|2|10|6	1595
    205	0|4|5|4|0|9|14	148
    204	0|6|2|6|0|5|13	685
    200	1|6|3|5|2|10|6	1792
    191	0|5|1|4|3|10|12	414
    191	0|4|1|5|3|11|11	15
    189	1|5|2|4|1|9|13	1412
    187	0|6|3|5|0|5|14	694
    187	0|5|2|4|4|7|13	448
    182	1|5|4|8|0|11|2	1554
    179	0|5|4|4|0|9|13	492
    179	0|4|1|5|4|10|11	17
    177	1|7|3|4|1|14|3	2012
    174	0|5|3|5|2|5|14	482
    173	1|5|5|6|1|12|3	1608
    170	0|5|1|5|1|10|12	420
    168	1|5|5|6|1|8|7	1604
    165	0|4|1|5|2|12|11	14
    162	1|5|6|7|6|7|0	1666
    160	1|5|7|6|6|7|1	1689
    160	1|5|4|8|0|10|3	1553
    159	1|6|3|6|1|12|3	1805
    159	1|5|5|7|0|10|4	1617
    158	0|7|1|4|1|6|14	790
    156	1|4|4|4|1|9|13	1008
    155	1|7|2|5|1|6|10	1982
    155	1|7|2|5|1|10|6	1986
    155	0|4|4|4|4|6|14	124
    154	0|6|2|4|0|9|13	674
    153	1|4|3|6|0|7|13	993
    153	0|4|7|5|0|11|8	296
    152	1|6|4|5|1|10|6	1848
    151	1|7|2|6|0|5|10	1992
    148	1|5|4|8|0|12|1	1555
    148	0|4|6|4|0|11|11	178
    147	0|4|3|4|5|7|13	91
    144	1|4|3|5|0|8|14	980
    143	0|5|3|5|0|8|13	480
    142	1|4|1|5|0|12|12	893
    142	0|4|6|6|0|11|7	232
    140	0|4|5|6|1|5|13	166
    140	0|4|1|6|1|11|11	22
    138	0|4|2|4|3|11|12	49
    135	1|6|7|5|5|7|2	1922
    135	0|4|6|5|1|12|7	211
    134	1|6|6|6|5|8|0	1913
    132	1|8|2|4|0|10|7	2063
    132	1|7|3|5|0|9|7	2018
    132	1|6|4|6|0|8|7	1857
    130	1|6|6|5|6|7|2	1909
    130	1|5|2|4|0|9|14	1408
    127	1|5|4|7|1|7|7	1540
    121	1|4|2|4|3|9|13	933
    121	0|4|6|5|1|5|14	204
    119	0|4|4|5|3|5|14	135
    118	0|4|1|7|4|6|11	36
    117	1|7|2|5|1|13|3	1989
    116	0|4|2|4|6|8|12	53
    114	1|8|1|5|0|9|7	2051
    114	0|5|1|4|1|12|12	411
    113	1|4|1|5|3|9|12	898
    112	0|4|4|5|1|8|13	133
    106	1|7|2|6|0|8|7	1995
    105	1|8|1|4|1|10|7	2041
    104	0|6|1|4|0|10|13	654
    103	0|5|3|4|0|9|14	468
    102	0|4|2|5|5|7|12	62
    101	0|6|9|4|6|7|2	784
     98	1|6|1|4|0|8|14	1717
     97	0|4|2|4|2|12|12	48
     96	1|5|1|4|0|11|13	1378
     95	0|6|1|4|1|9|13	656
     94	1|4|3|4|1|10|13	969
     92	0|4|6|4|0|12|10	179
     90	0|5|4|4|0|8|14	491
     90	0|4|8|4|0|14|6	342
     90	0|4|6|5|1|13|6	212
     89	1|4|1|4|1|13|12	885
     88	0|5|1|5|2|9|12	422
     87	1|5|7|4|1|10|7	1672
     87	1|4|4|5|0|8|13	1018
     86	1|6|7|4|6|10|0	1921
     86	1|5|4|6|2|8|7	1530
     85	1|7|3|4|1|10|7	2008
     85	1|6|7|5|6|6|2	1924
     84	1|4|4|4|0|9|14	1004
     84	1|4|4|4|0|10|13	1005
     83	0|4|2|7|3|5|12	77
     82	0|7|5|6|6|6|1	846
     80	1|6|8|4|5|8|2	1927
     80	1|4|1|4|2|12|12	886
     79	1|4|1|4|3|11|12	887
     78	0|5|4|6|0|5|13	503
     76	1|6|7|5|6|7|1	1925
     76	1|5|6|5|1|12|4	1651
     75	0|4|7|4|1|13|7	276
     75	0|4|5|4|1|8|14	151
     74	1|4|3|5|1|7|14	983
     74	0|4|1|5|1|13|11	13
     73	1|6|5|7|5|7|0	1894
     71	1|4|2|4|0|12|13	928
     71	1|4|1|5|1|11|12	894
     71	0|4|4|6|0|7|13	140
     71	0|4|3|4|1|11|13	85
     70	1|4|4|4|1|8|14	1007
     66	0|7|6|6|5|6|1	853
     66	0|6|8|5|6|6|2	781
     65	1|5|3|4|0|8|14	1437
     65	0|5|1|5|0|11|12	418
     63	1|5|4|7|1|10|4	1543
     62	0|5|1|6|3|6|12	432
     61	0|4|6|4|0|8|14	175
     58	1|4|3|4|1|9|14	968
     58	0|7|7|4|6|9|0	859
     55	0|4|6|4|0|15|7	182
     54	1|4|3|4|0|10|14	965
     52	1|6|8|4|6|7|2	1930
     52	0|5|2|5|1|8|13	454
     51	1|4|3|7|0|5|13	1000
     51	1|4|2|4|2|10|13	931
     50	0|5|1|6|0|9|12	428
     49	0|7|6|6|5|7|0	854
     48	1|5|1|4|2|9|13	1382
     47	1|7|3|4|1|11|6	2009
     47	1|4|4|5|0|7|14	1017
     47	1|4|3|6|0|6|14	992
     46	1|7|2|4|2|10|7	1975
     45	0|6|1|5|2|6|13	664
     43	1|6|7|4|6|7|3	1918
     42	1|4|5|4|0|8|14	1041
     41	0|7|7|4|6|5|4	855
     40	0|7|7|4|6|6|3	856
     37	0|5|6|4|0|13|7	583
     37	0|5|3|4|1|9|13	472
     36	0|5|2|4|2|9|13	446
     35	0|6|2|5|1|5|14	681
     34	0|5|4|5|1|5|14	499
     33	1|6|7|5|5|8|1	1923
     32	1|5|2|4|1|8|14	1411
     31	1|6|7|4|6|5|5	1916
     29	0|7|1|5|0|5|14	795
     28	0|7|7|5|5|7|1	861
     27	0|7|7|5|5|6|2	860
     26	1|6|6|6|6|7|0	1915
     26	0|4|2|6|4|6|12	70
     24	1|6|6|6|5|7|1	1912
     24	1|4|1|4|0|14|12	884
     24	0|5|2|4|1|10|13	444
     23	0|4|5|5|0|8|13	160
     22	1|6|5|6|6|7|1	1892
     22	1|6|4|4|2|10|7	1837
     22	1|4|1|6|0|10|12	904
     21	0|4|2|4|1|13|12	47
     20	0|7|8|4|5|7|2	863
     20	0|4|1|6|2|10|11	24
     19	1|6|7|4|6|6|4	1917
     19	0|5|3|4|1|8|14	471
     19	0|4|3|4|2|10|13	87
     18	0|5|2|4|0|11|13	442
     18	0|4|1|6|3|9|11	26
     17	0|6|7|6|6|6|1	779
     16	0|6|2|4|0|8|14	673
     16	0|4|2|5|1|11|12	56
     15	1|4|3|4|2|8|14	971
     15	0|7|6|5|6|5|3	849
     14	1|5|1|4|1|10|13	1380
     13	0|4|4|4|2|8|14	121
     13	0|4|1|7|0|10|11	30
     12	1|6|5|6|6|6|2	1891
     12	1|5|1|5|1|8|13	1390
     12	0|7|4|7|6|6|0	844
     12	0|5|1|7|2|5|12	437
     11	0|7|5|7|5|6|0	848
     11	0|6|6|7|6|6|0	778
     11	0|5|3|5|0|7|14	479
     11	0|5|2|5|3|6|13	456
     11	0|4|4|5|0|8|14	129
     11	0|4|2|5|3|9|12	60
     11	0|4|2|5|0|12|12	55
     10	1|6|4|7|6|7|0	1867
     10	1|4|3|6|1|5|14	995
     10	0|6|1|5|0|8|13	662
     10	0|4|3|5|4|6|13	99
      9	1|6|6|5|6|6|3	1908
      9	1|6|5|7|6|6|0	1895
      9	1|4|1|5|2|10|12	896
      9	0|6|1|6|1|5|13	667
      9	0|5|1|6|1|8|12	430
      8	1|5|2|5|0|7|14	1421
      8	0|4|1|8|3|5|11	43
      8	0|4|1|7|1|9|11	32
      7	1|6|6|6|6|6|1	1914
      7	1|4|1|6|2|8|12	908
      7	0|4|2|4|4|10|12	51
      6	1|4|2|4|1|11|13	929
      6	0|4|5|5|0|7|14	159
      6	0|4|2|7|0|8|12	73
      5	1|5|1|7|0|5|13	1403
      5	1|5|1|6|0|7|13	1397
      5	1|4|1|8|1|5|12	924
      5	1|4|1|6|1|9|12	906
      5	0|7|6|5|6|6|2	850
      5	0|5|2|5|0|9|13	452
      4	1|5|2|6|0|5|14	1430
      4	1|5|1|5|0|9|13	1388
      4	1|4|1|7|1|7|12	916
      4	0|5|1|7|0|7|12	435
      4	0|4|3|4|3|9|13	89
      4	0|4|1|7|2|8|11	34
      3	1|6|6|5|6|5|4	1907
      3	1|6|5|6|6|5|3	1890
      3	1|6|4|7|6|6|1	1866
      3	1|4|4|6|0|5|14	1027
      3	0|5|2|6|2|5|13	461
      3	0|4|3|6|0|8|13	102
      3	0|4|2|6|1|9|12	66
      3	0|4|2|5|2|10|12	58
      2	1|6|3|8|6|6|0	1820
      2	1|4|2|7|0|6|13	957
      2	0|4|3|5|2|8|13	97
      2	0|4|3|5|0|10|13	93
      2	0|4|2|6|2|8|12	68
      2	0|4|2|6|0|10|12	64
      1	1|6|4|7|6|5|2	1865
      1	1|6|3|8|6|5|1	1819
      1	1|4|2|5|2|8|13	943
      1	1|4|2|5|1|9|13	941
      1	1|4|1|8|0|6|12	922
      1	1|4|1|7|0|8|12	914
      1	0|7|5|6|6|5|2	845
      1	0|7|4|7|6|5|1	843
      1	0|4|4|6|0|6|14	139
      1	0|4|4|5|1|7|14	132
      1	0|4|1|8|1|7|11	41
